1 0
2 10
3 30
4 10
5 10
6 10
7 20
8 20
9 20
10 10
11 10
12 10
13 20
14 30
15 10
16 40
17 40
18 20
19 20
20 10
21 10
22 20
23 20
24 10
25 10
26 40
27 10
28 10
29 20
30 10
31 10
32 20
33 30
34 40
35 20
36 10
37 10
38 20
39 30
40 20
41 10
42 10
43 20
44 10
45 10
46 10
47 30
48 10
49 10
50 10
51 10
52 10
53 10
54 20
55 40
56 10
57 30
58 40
59 30
60 10
61 20
62 10
63 20
64 50
65 10
66 10
67 10
68 10
69 10
70 10
71 30
72 20
73 10
74 10
75 50
76 20
77 10
78 10
79 20
80 10
81 10
82 30
83 20
84 10
85 20
86 30
87 10
88 20
89 30
90 10
91 10
92 10
93 20
94 40
95 10
96 30
97 10
98 30
99 20
100 10
101 20