1 0
2 10
3 30
4 30
5 10
6 10
7 30
8 30
9 10
10 10
11 30
12 30
13 10
14 10
15 30
16 30
17 10
18 10
19 30
20 30
21 10
22 10
23 30
24 30
25 10
26 10
27 30
28 30
29 10
30 10
31 30
32 30
33 10
34 10
35 30
36 30
37 10
38 10
39 30
40 30
41 10
42 10
43 30
44 30
45 10
46 10
47 30
48 30
49 10
50 10
51 30
52 30
53 10
54 10
55 30
56 30
57 10
58 10
59 30
60 30
61 10
62 10
63 30
64 30
65 10
66 10
67 30
68 30
69 10
70 10
71 30
72 30
73 10
74 10
75 30
76 30
77 10
78 10
79 30
80 30
81 10
82 10
83 30
84 30
85 10
86 10
87 30
88 30
89 10
90 10
91 30
92 30
93 10
94 10
95 30
96 30
97 10
98 10
99 30
100 30
101 10
102 10
103 30
104 30
105 10
106 10
107 30
108 30
109 10
110 10
111 30
112 30
113 10
114 10
115 30
116 30
117 10
118 10
119 30
120 30
121 10
122 10
123 30
124 30
125 10
126 10
127 30
128 30
129 10
130 10
131 30
132 30
133 10
134 10
135 30
136 30
137 10
138 10
139 30
140 30
141 10
142 10
143 30
144 30
145 10
146 10
147 30
148 30
149 10
150 10
151 30
152 30
153 10
154 10
155 30
156 30
157 10
158 10
159 30
160 30
161 10
162 10
163 30
164 30
165 10
166 10
167 30
168 30
169 10
170 10
171 30
172 30
173 10
174 10
175 30
176 30
177 10
178 10
179 30
180 30
181 10
182 10
183 30
184 30
185 10
186 10
187 30
188 30
189 10
190 10
191 30
192 30
193 10
194 10
195 30
196 30
197 10
198 10
199 30
200 30
201 10
202 10
203 30
204 30
205 10
206 10
207 30
208 30
209 10
210 10
211 30
212 30
213 10
214 10
215 30
216 30
217 10
218 10
219 30
220 30
221 10
222 10
223 30
224 30
225 10
226 10
227 30
228 30
229 10
230 10
231 30
232 30
233 10
234 10
235 30
236 30
237 10
238 10
239 30
240 30
241 10
242 10
243 30
244 30
245 10
246 10
247 30
248 30
249 10
250 10
251 30
252 30
253 10
254 10
255 30
256 30
257 10
258 10
259 30
260 30
261 10
262 10
263 30
264 30
265 10
266 10
267 30
268 30
269 10
270 10
271 30
272 30
273 10
274 10
275 30
276 30
277 10
278 10
279 30
280 30
281 10
282 10
283 30
284 30
285 10
286 10
287 30
288 30
289 10
290 10
291 30
292 30
293 10
294 10
295 30
296 30
297 10
298 10
299 30
300 30
301 10
302 10
303 30
304 30
305 10
306 10
307 30
308 30
309 10
310 10
311 30
312 30
313 10
314 10
315 30
316 30
317 10
318 10
319 30
320 30
321 10