1 0
2 300
3 300
4 180
5 300
6 180
7 128
8 180
9 180
10 128
11 100
12 128
13 180
14 128
15 100
16 81
17 100
18 128
19 128
20 100
21 81
22 69
23 81
24 100
25 128
26 100
27 81
28 69
29 60
30 69
31 81
32 100
33 100
34 81
35 69
36 60
37 52
38 60
39 69
40 81
41 100
42 81
43 69
44 60
45 52
46 47
47 52
48 60
49 69
50 81
51 81
52 69
53 60
54 52
55 47
56 42
57 47
58 52
59 60
60 69
61 81
62 69
63 60
64 52
65 47
66 42
67 39
68 42
69 47
70 52
71 60
72 69
73 69
74 60
75 52
76 47
77 42
78 39
79 36
80 39
81 42
82 47
83 52
84 60
85 69
86 60
87 52
88 47
89 42
90 39
91 36
92 33
93 36
94 39
95 42
96 47
97 52
98 60
99 60
100 52
101 47
102 42
103 39
104 36
105 33
106 31
107 33
108 36
109 39
110 42
111 47
112 52
113 60
114 52
115 47
116 42
117 39
118 36
119 33
120 31
121 29
122 31
123 33
124 36
125 39
126 42
127 47
128 52
129 52
130 47
131 42
132 39
133 36
134 33
135 31
136 29
137 27
138 29
139 31
140 33
141 36
142 39
143 42
144 47
145 52
146 47
147 42
148 39
149 36
150 33
151 31
152 29
153 27
154 25
155 27
156 29
157 31
158 33
159 36
160 39
161 42
162 47
163 47
164 42
165 39
166 36
167 33
168 31
169 29
170 27
171 25
172 24
173 25
174 27
175 29
176 31
177 33
178 36
179 39
180 42
181 47
182 42
183 39
184 36
185 33
186 31
187 29
188 27
189 25
190 24
191 23
192 24
193 25
194 27
195 29
196 31
197 33
198 36
199 39
200 42
201 42
202 39
203 36
204 33
205 31
206 29
207 27
208 25
209 24
210 23
211 21
212 23
213 24
214 25
215 27
216 29
217 31
218 33
219 36
220 39
221 42
222 39
223 36
224 33
225 31
226 29
227 27
228 25
229 24
230 23
231 21
232 20
233 21
234 23
235 24
236 25
237 27
238 29
239 31
240 33
241 36
242 39
243 39
244 36
245 33
246 31
247 29
248 27
249 25
250 24
251 23
252 21
253 20
254 20
255 21
256 23
257 24
258 25
259 27
260 29
261 31
262 33
263 36
264 39
265 36
266 33
267 31
268 29
269 27
270 25
271 24
272 23
273 21
274 20
275 20
276 21
277 23
278 24
279 25
280 27
281 29
282 31
283 33
284 36
285 36
286 33
287 31
288 29
289 27
290 25
291 24
292 23
293 21
294 20
295 20
296 21
297 23
298 24
299 25
300 27
301 29
302 31
303 33
304 36
305 33
306 31
307 29
308 27
309 25
310 24
311 23
312 21
313 20
314 20
315 21
316 23
317 24
318 25
319 27
320 29
321 31
322 33
323 33
324 31
325 29
326 27
327 25
328 24
329 23
330 21
331 20
332 20
333 21
334 23
335 24
336 25
337 27
338 29
339 31
340 33
341 31
342 29
343 27
344 25
345 24
346 23
347 21
348 20
349 20
350 21
351 23
352 24
353 25
354 27
355 29
356 31
357 31
358 29
359 27
360 25
361 24
362 23
363 21
364 20
365 20
366 21
367 23
368 24
369 25
370 27
371 29
372 31
373 29
374 27
375 25
376 24
377 23
378 21
379 20
380 20
381 21
382 23
383 24
384 25
385 27
386 29
387 29
388 27
389 25
390 24
391 23
392 21
393 20
394 20
395 21
396 23
397 24
398 25
399 27
400 29
401 27
402 25
403 24
404 23
405 21
406 20
407 20
408 21
409 23
410 24
411 25
412 27
413 27
414 25
415 24
416 23
417 21
418 20
419 20
420 21
421 23
422 24
423 25
424 27
425 25
426 24
427 23
428 21
429 20
430 20
431 21
432 23
433 24
434 25
435 25
436 24
437 23
438 21
439 20
440 20
441 21
442 23
443 24
444 25
445 24
446 23
447 21
448 20
449 20
450 21
451 23
452 24
453 24
454 23
455 21
456 20
457 20
458 21
459 23
460 24
461 23
462 21
463 20
464 20
465 21
466 23
467 23
468 21
469 20
470 20
471 21
472 23
473 21
474 20
475 20
476 21
477 21
478 20
479 20
480 21
481 20
482 20
483 20
484 20