1 0
2 25
3 7
4 13
5 6
6 14
7 5
8 11
9 19
10 5
11 15
12 15
13 17
14 13
15 12
16 18
17 13
18 18
19 12
20 17
21 4
22 7
23 12
24 13
25 8
26 16
27 15
28 6
29 5
30 9
31 11
32 10
33 3
34 7
35 2
36 4
37 4
38 18
39 14
40 12
41 17
42 20
43 14
44 16
45 10
46 9
47 11
48 7
49 13
50 5
51 4
52 21
53 13
54 11
55 12
56 14
57 10
58 8
59 16
60 19
61 5
62 17
63 7
64 16
65 14
66 17
67 13
68 17
69 13
70 14
71 16
72 7
73 13
74 9
75 11
76 35
77 5
78 28
79 7
80 3
81 10
82 7
83 12
84 11
85 10
86 8
87 11
88 21
89 4
90 15
91 16
92 4
93 16
94 7
95 10
96 9
97 11
98 17
99 12
100 11
101 7
102 9
103 11
104 12
105 7
106 8
107 6
108 5
109 12
110 13
111 7
112 7
113 8
114 11
115 13
116 11
117 10
118 7
119 4
120 20
121 13