1 0
2 7
3 30
4 16
5 9
6 21
7 15
8 19
9 23
10 11
11 5
12 19
13 29
14 23
15 21
16 10
17 15
18 3
19 41
20 9
21 28
22 8
23 8
24 16
25 10
26 28
27 7
28 15
29 14
30 6
31 19
32 11
33 12
34 23
35 26
36 17
37 6
38 9
39 15
40 14
41 7
42 27
43 13
44 11
45 16
46 10
47 5
48 25
49 17
50 18
51 10
52 10
53 7
54 13
55 19
56 26
57 3
58 5
59 9
60 16
61 16
62 12
63 19
64 23
65 20
66 8
67 19
68 2
69 12
70 17
71 9
72 11
73 18
74 29
75 3
76 6
77 17
78 16
79 16
80 9
81 21
82 27
83 23
84 11
85 14
86 8
87 5
88 8
89 16
90 31
91 9
92 5
93 5
94 7
95 18
96 16
97 1
98 27
99 36
100 30
101 13
102 10
103 9
104 14
105 18
106 2
107 6
108 7
109 18
110 28
111 3
112 13
113 19
114 10
115 9
116 20
117 25
118 25
119 36
120 6
121 5
122 15
123 25
124 9
125 8
126 18
127 13
128 14
129 3
130 23
131 6
132 26
133 16
134 11
135 7
136 41
137 35
138 26
139 9
140 15
141 3
142 1
143 2
144 22
145 27
146 20
147 11
148 12
149 10
150 9
151 17