1 0
2 10
3 30
4 30
5 10
6 10
7 30
8 30
9 10
10 10
11 30
12 30
13 10
14 10
15 30
16 30
17 10
18 10
19 30
20 30
21 10
22 10
23 30
24 30
25 10
26 10
27 30
28 30
29 10
30 10
31 30
32 30
33 10
34 10
35 30
36 30
37 10
38 10
39 30
40 30
41 10
42 10
43 30
44 30
45 10
46 10
47 30
48 30
49 10
50 10
51 30
52 30
53 10
54 10
55 30
56 30
57 10
58 10
59 30
60 30
61 10
62 10
63 30
64 30
65 10
66 10
67 30
68 30
69 10
70 10
71 30
72 30
73 10
74 10
75 30
76 30
77 10
78 10
79 30
80 30
81 10
82 10
83 30
84 30
85 10
86 10
87 30
88 30
89 10
90 10
91 30
92 30
93 10
94 10
95 30
96 30
97 10
98 10
99 30
100 30
101 10
102 10
103 30
104 30
105 10
106 10
107 30
108 30
109 10
110 10
111 30
112 30
113 10
114 10
115 30
116 30
117 10
118 10
119 30
120 30
121 10
122 10
123 30
124 30
125 10
126 10
127 30
128 30
129 10
130 10
131 30
132 30
133 10
134 10
135 30
136 30
137 10
138 10
139 30
140 30
141 10
142 10
143 30
144 30
145 10
146 10
147 30
148 30
149 10
150 10
151 30
152 30
153 10
154 10
155 30
156 30
157 10
158 10
159 30
160 30
161 10
162 10
163 30
164 30
165 10
166 10
167 30
168 30
169 10
170 10
171 30
172 30
173 10
174 10
175 30
176 30
177 10
178 10
179 30
180 30
181 10
182 10
183 30
184 30
185 10
186 10
187 30
188 30
189 10
190 10
191 30
192 30
193 10
194 10
195 30
196 30
197 10
198 10
199 30
200 30
201 10