1 0
2 300
3 300
4 180
5 300
6 180
7 128
8 180
9 180
10 128
11 100
12 128
13 180
14 128
15 100
16 81
17 100
18 128
19 128
20 100
21 81
22 69
23 81
24 100
25 128
26 100
27 81
28 69
29 60
30 69
31 81
32 100
33 100
34 81
35 69
36 60
37 52
38 60
39 69
40 81
41 100
42 81
43 69
44 60
45 52
46 47
47 52
48 60
49 69
50 81
51 81
52 69
53 60
54 52
55 47
56 42
57 47
58 52
59 60
60 69
61 81
62 69
63 60
64 52
65 47
66 42
67 39
68 42
69 47
70 52
71 60
72 69
73 69
74 60
75 52
76 47
77 42
78 39
79 36
80 39
81 42
82 47
83 52
84 60
85 69
86 60
87 52
88 47
89 42
90 39
91 36
92 33
93 36
94 39
95 42
96 47
97 52
98 60
99 60
100 52
101 47
102 42
103 39
104 36
105 33
106 31
107 33
108 36
109 39
110 42
111 47
112 52
113 60
114 52
115 47
116 42
117 39
118 36
119 33
120 31
121 29
122 31
123 33
124 36
125 39
126 42
127 47
128 52
129 52
130 47
131 42
132 39
133 36
134 33
135 31
136 29
137 27
138 29
139 31
140 33
141 36
142 39
143 42
144 47
145 52
146 47
147 42
148 39
149 36
150 33
151 31
152 29
153 27
154 25
155 27
156 29
157 31
158 33
159 36
160 39
161 42
162 47
163 47
164 42
165 39
166 36
167 33
168 31
169 29
170 27
171 25
172 25
173 27
174 29
175 31
176 33
177 36
178 39
179 42
180 47
181 42
182 39
183 36
184 33
185 31
186 29
187 27
188 25
189 25
190 27
191 29
192 31
193 33
194 36
195 39
196 42
197 42
198 39
199 36
200 33
201 31
202 29
203 27
204 25
205 25
206 27
207 29
208 31
209 33
210 36
211 39
212 42
213 39
214 36
215 33
216 31
217 29
218 27
219 25
220 25
221 27
222 29
223 31
224 33
225 36
226 39
227 39
228 36
229 33
230 31
231 29
232 27
233 25
234 25
235 27
236 29
237 31
238 33
239 36
240 39
241 36
242 33
243 31
244 29
245 27
246 25
247 25
248 27
249 29
250 31
251 33
252 36
253 36
254 33
255 31
256 29
257 27
258 25
259 25
260 27
261 29
262 31
263 33
264 36
265 33
266 31
267 29
268 27
269 25
270 25
271 27
272 29
273 31
274 33
275 33
276 31
277 29
278 27
279 25
280 25
281 27
282 29
283 31
284 33
285 31
286 29
287 27
288 25
289 25
290 27
291 29
292 31
293 31
294 29
295 27
296 25
297 25
298 27
299 29
300 31
301 29
302 27
303 25
304 25
305 27
306 29
307 29
308 27
309 25
310 25
311 27
312 29
313 27
314 25
315 25
316 27
317 27
318 25
319 25
320 27
321 25
322 25
323 25
324 25