1 0
2 300
3 300
4 180
5 300
6 180
7 128
8 180
9 180
10 128
11 100
12 128
13 180
14 128
15 100
16 81
17 100
18 128
19 128
20 100
21 81
22 69
23 81
24 100
25 128
26 100
27 81
28 69
29 60
30 69
31 81
32 100
33 100
34 81
35 69
36 60
37 52
38 60
39 69
40 81
41 100
42 81
43 69
44 60
45 52
46 47
47 52
48 60
49 69
50 81
51 81
52 69
53 60
54 52
55 47
56 42
57 47
58 52
59 60
60 69
61 81
62 69
63 60
64 52
65 47
66 42
67 39
68 42
69 47
70 52
71 60
72 69
73 69
74 60
75 52
76 47
77 42
78 39
79 36
80 39
81 42
82 47
83 52
84 60
85 69
86 60
87 52
88 47
89 42
90 39
91 36
92 33
93 36
94 39
95 42
96 47
97 52
98 60
99 60
100 52
101 47
102 42
103 39
104 36
105 33
106 31
107 33
108 36
109 39
110 42
111 47
112 52
113 60
114 52
115 47
116 42
117 39
118 36
119 33
120 31
121 29
122 31
123 33
124 36
125 39
126 42
127 47
128 52
129 52
130 47
131 42
132 39
133 36
134 33
135 31
136 29
137 27
138 29
139 31
140 33
141 36
142 39
143 42
144 47
145 52
146 47
147 42
148 39
149 36
150 33
151 31
152 29
153 27
154 25
155 27
156 29
157 31
158 33
159 36
160 39
161 42
162 47
163 47
164 42
165 39
166 36
167 33
168 31
169 29
170 27
171 25
172 24
173 25
174 27
175 29
176 31
177 33
178 36
179 39
180 42
181 47
182 42
183 39
184 36
185 33
186 31
187 29
188 27
189 25
190 24
191 23
192 24
193 25
194 27
195 29
196 31
197 33
198 36
199 39
200 42
201 42
202 39
203 36
204 33
205 31
206 29
207 27
208 25
209 24
210 23
211 23
212 24
213 25
214 27
215 29
216 31
217 33
218 36
219 39
220 42
221 39
222 36
223 33
224 31
225 29
226 27
227 25
228 24
229 23
230 23
231 24
232 25
233 27
234 29
235 31
236 33
237 36
238 39
239 39
240 36
241 33
242 31
243 29
244 27
245 25
246 24
247 23
248 23
249 24
250 25
251 27
252 29
253 31
254 33
255 36
256 39
257 36
258 33
259 31
260 29
261 27
262 25
263 24
264 23
265 23
266 24
267 25
268 27
269 29
270 31
271 33
272 36
273 36
274 33
275 31
276 29
277 27
278 25
279 24
280 23
281 23
282 24
283 25
284 27
285 29
286 31
287 33
288 36
289 33
290 31
291 29
292 27
293 25
294 24
295 23
296 23
297 24
298 25
299 27
300 29
301 31
302 33
303 33
304 31
305 29
306 27
307 25
308 24
309 23
310 23
311 24
312 25
313 27
314 29
315 31
316 33
317 31
318 29
319 27
320 25
321 24
322 23
323 23
324 24
325 25
326 27
327 29
328 31
329 31
330 29
331 27
332 25
333 24
334 23
335 23
336 24
337 25
338 27
339 29
340 31
341 29
342 27
343 25
344 24
345 23
346 23
347 24
348 25
349 27
350 29
351 29
352 27
353 25
354 24
355 23
356 23
357 24
358 25
359 27
360 29
361 27
362 25
363 24
364 23
365 23
366 24
367 25
368 27
369 27
370 25
371 24
372 23
373 23
374 24
375 25
376 27
377 25
378 24
379 23
380 23
381 24
382 25
383 25
384 24
385 23
386 23
387 24
388 25
389 24
390 23
391 23
392 24
393 24
394 23
395 23
396 24
397 23
398 23
399 23
400 23