1 0
2 10
3 30
4 30
5 10
6 10
7 30
8 30
9 10
10 10
11 30
12 30
13 10
14 10
15 30
16 30
17 10
18 10
19 30
20 30
21 10
22 10
23 30
24 30
25 10
26 10
27 30
28 30
29 10
30 10
31 30
32 30
33 10
34 10
35 30
36 30
37 10
38 10
39 30
40 30
41 10
42 10
43 30
44 30
45 10
46 10
47 30
48 30
49 10
50 10
51 30
52 30
53 10
54 10
55 30
56 30
57 10
58 10
59 30
60 30
61 10
62 10
63 30
64 30
65 10
66 10
67 30
68 30
69 10
70 10
71 30
72 30
73 10
74 10
75 30
76 30
77 10
78 10
79 30
80 30
81 10
82 10
83 30
84 30
85 10
86 10
87 30
88 30
89 10
90 10
91 30
92 30
93 10
94 10
95 30
96 30
97 10
98 10
99 30
100 30
101 10
102 10
103 30
104 30
105 10
106 10
107 30
108 30
109 10
110 10
111 30
112 30
113 10
114 10
115 30
116 30
117 10
118 10
119 30
120 30
121 10
122 10
123 30
124 30
125 10
126 10
127 30
128 30
129 10
130 10
131 30
132 30
133 10
134 10
135 30
136 30
137 10
138 10
139 30
140 30
141 10
142 10
143 30
144 30
145 10
146 10
147 30
148 30
149 10
150 10
151 30
152 30
153 10
154 10
155 30
156 30
157 10
158 10
159 30
160 30
161 10
162 10
163 30
164 30
165 10
166 10
167 30
168 30
169 10
170 10
171 30
172 30
173 10
174 10
175 30
176 30
177 10
178 10
179 30
180 30
181 10
182 10
183 30
184 30
185 10
186 10
187 30
188 30
189 10
190 10
191 30
192 30
193 10
194 10
195 30
196 30
197 10
198 10
199 30
200 30
201 10
202 10
203 30
204 30
205 10
206 10
207 30
208 30
209 10
210 10
211 30
212 30
213 10
214 10
215 30
216 30
217 10
218 10
219 30
220 30
221 10
222 10
223 30
224 30
225 10
226 10
227 30
228 30
229 10
230 10
231 30
232 30
233 10
234 10
235 30
236 30
237 10
238 10
239 30
240 30
241 10
242 10
243 30
244 30
245 10
246 10
247 30
248 30
249 10
250 10
251 30
252 30
253 10
254 10
255 30
256 30
257 10
258 10
259 30
260 30
261 10
262 10
263 30
264 30
265 10
266 10
267 30
268 30
269 10
270 10
271 30
272 30
273 10
274 10
275 30
276 30
277 10
278 10
279 30
280 30
281 10
282 10
283 30
284 30
285 10
286 10
287 30
288 30
289 10
290 10
291 30
292 30
293 10
294 10
295 30
296 30
297 10
298 10
299 30
300 30
301 10
302 10
303 30
304 30
305 10
306 10
307 30
308 30
309 10
310 10
311 30
312 30
313 10
314 10
315 30
316 30
317 10
318 10
319 30
320 30
321 10
322 10
323 30
324 30
325 10
326 10
327 30
328 30
329 10
330 10
331 30
332 30
333 10
334 10
335 30
336 30
337 10
338 10
339 30
340 30
341 10
342 10
343 30
344 30
345 10
346 10
347 30
348 30
349 10
350 10
351 30
352 30
353 10
354 10
355 30
356 30
357 10
358 10
359 30
360 30
361 10
362 10
363 30
364 30
365 10
366 10
367 30
368 30
369 10
370 10
371 30
372 30
373 10
374 10
375 30
376 30
377 10
378 10
379 30
380 30
381 10
382 10
383 30
384 30
385 10
386 10
387 30
388 30
389 10
390 10
391 30
392 30
393 10
394 10
395 30
396 30
397 10
398 10
399 30
400 30
401 10
402 10
403 30
404 30
405 10
406 10
407 30
408 30
409 10
410 10
411 30
412 30
413 10
414 10
415 30
416 30
417 10
418 10
419 30
420 30
421 10
422 10
423 30
424 30
425 10
426 10
427 30
428 30
429 10
430 10
431 30
432 30
433 10
434 10
435 30
436 30
437 10
438 10
439 30
440 30
441 10
442 10
443 30
444 30
445 10
446 10
447 30
448 30
449 10
450 10
451 30
452 30
453 10
454 10
455 30
456 30
457 10
458 10
459 30
460 30
461 10
462 10
463 30
464 30
465 10
466 10
467 30
468 30
469 10
470 10
471 30
472 30
473 10
474 10
475 30
476 30
477 10
478 10
479 30
480 30
481 10
482 10
483 30
484 30
485 10
486 10
487 30
488 30
489 10
490 10
491 30
492 30
493 10
494 10
495 30
496 30
497 10
498 10
499 30
500 30
501 10
502 10
503 30
504 30
505 10
506 10
507 30
508 30
509 10
510 10
511 30
512 30
513 10
514 10
515 30
516 30
517 10
518 10
519 30
520 30
521 10
522 10
523 30
524 30
525 10
526 10
527 30
528 30
529 10
530 10
531 30
532 30
533 10
534 10
535 30
536 30
537 10
538 10
539 30
540 30
541 10
542 10
543 30
544 30
545 10
546 10
547 30
548 30
549 10
550 10
551 30
552 30
553 10
554 10
555 30
556 30
557 10
558 10
559 30
560 30
561 10
562 10
563 30
564 30
565 10
566 10
567 30
568 30
569 10
570 10
571 30
572 30
573 10
574 10
575 30
576 30
577 10
578 10
579 30
580 30
581 10
582 10
583 30
584 30
585 10
586 10
587 30
588 30
589 10
590 10
591 30
592 30
593 10
594 10
595 30
596 30
597 10
598 10
599 30
600 30
601 10