1 0.00000 0.00000
2 30.00000 0.00000
3 28.53170 9.27050
4 24.27050 17.63360
5 17.63360 24.27050
6 9.27050 28.53170
7 0.00000 30.00000
8 -9.27050 28.53170
9 -17.63360 24.27050
10 -24.27050 17.63360
11 -28.53170 9.27050
12 -30.00000 0.00000
13 -28.53170 -9.27050
14 -24.27050 -17.63360
15 -17.63360 -24.27050
16 -9.27050 -28.53170
17 0.00000 -30.00000
18 9.27050 -28.53170
19 17.63360 -24.27050
20 24.27050 -17.63360
21 28.53170 -9.27050
22 60.00000 0.00000
23 57.06340 18.54100
24 48.54100 35.26710
25 35.26710 48.54100
26 18.54100 57.06340
27 0.00000 60.00000
28 -18.54100 57.06340
29 -35.26710 48.54100
30 -48.54100 35.26710
31 -57.06340 18.54100
32 -60.00000 0.00000
33 -57.06340 -18.54100
34 -48.54100 -35.26710
35 -35.26710 -48.54100
36 -18.54100 -57.06340
37 0.00000 -60.00000
38 18.54100 -57.06340
39 35.26710 -48.54100
40 48.54100 -35.26710
41 57.06340 -18.54100
42 90.00000 0.00000
43 85.59510 27.81150
44 72.81150 52.90070
45 52.90070 72.81150
46 27.81150 85.59510
47 0.00000 90.00000
48 -27.81150 85.59510
49 -52.90070 72.81150
50 -72.81150 52.90070
51 -85.59510 27.81150
52 -90.00000 0.00000
53 -85.59510 -27.81150
54 -72.81150 -52.90070
55 -52.90070 -72.81150
56 -27.81150 -85.59510
57 0.00000 -90.00000
58 27.81150 -85.59510
59 52.90070 -72.81150
60 72.81150 -52.90070
61 85.59510 -27.81150
62 120.00000 0.00000
63 114.12680 37.08200
64 97.08200 70.53420
65 70.53420 97.08200
66 37.08200 114.12680
67 0.00000 120.00000
68 -37.08200 114.12680
69 -70.53420 97.08200
70 -97.08200 70.53420
71 -114.12680 37.08200
72 -120.00000 0.00000
73 -114.12680 -37.08210
74 -97.08200 -70.53420
75 -70.53420 -97.08200
76 -37.08200 -114.12680
77 0.00000 -120.00000
78 37.08210 -114.12680
79 70.53420 -97.08200
80 97.08210 -70.53420
81 114.12680 -37.08200
82 150.00000 0.00000
83 142.65849 46.35260
84 121.35250 88.16780
85 88.16780 121.35260
86 46.35250 142.65849
87 0.00000 150.00000
88 -46.35260 142.65849
89 -88.16780 121.35250
90 -121.35260 88.16780
91 -142.65849 46.35250
92 -150.00000 0.00000
93 -142.65849 -46.35260
94 -121.35250 -88.16780
95 -88.16780 -121.35260
96 -46.35250 -142.65849
97 0.00000 -150.00000
98 46.35260 -142.65849
99 88.16780 -121.35250
100 121.35260 -88.16780
101 142.65849 -46.35250
102 180.00000 0.00000
103 171.19020 55.62310
104 145.62309 105.80130
105 105.80130 145.62309
106 55.62310 171.19020
107 0.00000 180.00000
108 -55.62310 171.19020
109 -105.80140 145.62300
110 -145.62309 105.80130
111 -171.19020 55.62300
112 -180.00000 0.00000
113 -171.19020 -55.62310
114 -145.62300 -105.80140
115 -105.80130 -145.62309
116 -55.62300 -171.19020
117 0.00000 -180.00000
118 55.62310 -171.19020
119 105.80140 -145.62300
120 145.62309 -105.80130
121 171.19020 -55.62300
122 210.00000 0.00000
123 199.72189 64.89360
124 169.89360 123.43490
125 123.43490 169.89360
126 64.89360 199.72189
127 0.00000 210.00000
128 -64.89360 199.72189
129 -123.43490 169.89360
130 -169.89360 123.43490
131 -199.72189 64.89360
132 -210.00000 0.00000
133 -199.72189 -64.89360
134 -169.89360 -123.43490
135 -123.43490 -169.89360
136 -64.89350 -199.72189
137 0.00000 -210.00000
138 64.89360 -199.72189
139 123.43490 -169.89360
140 169.89360 -123.43490
141 199.72189 -64.89350
142 240.00000 0.00000
143 228.25360 74.16410
144 194.16409 141.06850
145 141.06850 194.16409
146 74.16410 228.25360
147 0.00000 240.00000
148 -74.16410 228.25360
149 -141.06850 194.16409
150 -194.16409 141.06850
151 -228.25360 74.16410
152 -240.00000 0.00000
153 -228.25360 -74.16410
154 -194.16409 -141.06850
155 -141.06841 -194.16409
156 -74.16400 -228.25360
157 0.00000 -240.00000
158 74.16410 -228.25360
159 141.06850 -194.16409
160 194.16409 -141.06841
161 228.25360 -74.16400
162 270.00000 0.00000
163 256.78519 83.43460
164 218.43460 158.70200
165 158.70200 218.43460
166 83.43460 256.78519
167 0.00000 270.00000
168 -83.43460 256.78519
169 -158.70200 218.43460
170 -218.43460 158.70200
171 -256.78531 83.43460
172 -270.00000 0.00000
173 -256.78519 -83.43460
174 -218.43460 -158.70200
175 -158.70200 -218.43460
176 -83.43460 -256.78531
177 0.00000 -270.00000
178 83.43460 -256.78519
179 158.70210 -218.43460
180 218.43460 -158.70200
181 256.78531 -83.43450
182 300.00000 0.00000
183 285.31699 92.70510
184 242.70509 176.33560
185 176.33560 242.70509
186 92.70510 285.31699
187 0.00000 300.00000
188 -92.70510 285.31699
189 -176.33560 242.70509
190 -242.70509 176.33560
191 -285.31699 92.70510
192 -300.00000 0.00000
193 -285.31699 -92.70510
194 -242.70509 -176.33560
195 -176.33549 -242.70509
196 -92.70510 -285.31699
197 0.00000 -300.00000
198 92.70510 -285.31699
199 176.33560 -242.70509
200 242.70509 -176.33549
201 285.31699 -92.70500