1 0.00000 0.00000
2 30.00000 0.00000
3 29.24780 6.67560
4 27.02910 13.01650
5 23.45490 18.70470
6 18.70470 23.45490
7 13.01650 27.02910
8 6.67560 29.24780
9 0.00000 30.00000
10 -6.67560 29.24780
11 -13.01650 27.02910
12 -18.70470 23.45490
13 -23.45490 18.70470
14 -27.02910 13.01650
15 -29.24780 6.67560
16 -30.00000 0.00000
17 -29.24780 -6.67560
18 -27.02910 -13.01650
19 -23.45490 -18.70470
20 -18.70470 -23.45490
21 -13.01650 -27.02910
22 -6.67560 -29.24780
23 0.00000 -30.00000
24 6.67560 -29.24780
25 13.01650 -27.02910
26 18.70470 -23.45490
27 23.45490 -18.70470
28 27.02910 -13.01650
29 29.24780 -6.67560
30 60.00000 0.00000
31 58.49570 13.35130
32 54.05810 26.03300
33 46.90990 37.40940
34 37.40940 46.90990
35 26.03300 54.05810
36 13.35130 58.49570
37 0.00000 60.00000
38 -13.35130 58.49570
39 -26.03300 54.05810
40 -37.40940 46.90990
41 -46.90990 37.40940
42 -54.05810 26.03300
43 -58.49570 13.35130
44 -60.00000 0.00000
45 -58.49570 -13.35130
46 -54.05810 -26.03300
47 -46.90990 -37.40940
48 -37.40940 -46.90990
49 -26.03300 -54.05810
50 -13.35120 -58.49570
51 0.00000 -60.00000
52 13.35130 -58.49570
53 26.03300 -54.05810
54 37.40940 -46.90990
55 46.90990 -37.40940
56 54.05810 -26.03300
57 58.49570 -13.35120
58 90.00000 0.00000
59 87.74350 20.02690
60 81.08720 39.04950
61 70.36480 56.11410
62 56.11410 70.36480
63 39.04950 81.08720
64 20.02690 87.74350
65 0.00000 90.00000
66 -20.02690 87.74350
67 -39.04950 81.08720
68 -56.11410 70.36480
69 -70.36480 56.11410
70 -81.08720 39.04950
71 -87.74350 20.02690
72 -90.00000 0.00000
73 -87.74350 -20.02690
74 -81.08720 -39.04950
75 -70.36480 -56.11410
76 -56.11410 -70.36480
77 -39.04950 -81.08720
78 -20.02690 -87.74350
79 0.00000 -90.00000
80 20.02690 -87.74350
81 39.04950 -81.08720
82 56.11410 -70.36480
83 70.36480 -56.11410
84 81.08720 -39.04950
85 87.74350 -20.02690
86 120.00000 0.00000
87 116.99130 26.70250
88 108.11630 52.06610
89 93.81980 74.81880
90 74.81880 93.81980
91 52.06600 108.11630
92 26.70250 116.99130
93 0.00000 120.00000
94 -26.70250 116.99130
95 -52.06610 108.11630
96 -74.81880 93.81980
97 -93.81980 74.81880
98 -108.11630 52.06600
99 -116.99130 26.70250
100 -120.00000 0.00000
101 -116.99130 -26.70250
102 -108.11630 -52.06610
103 -93.81980 -74.81880
104 -74.81880 -93.81980
105 -52.06600 -108.11630
106 -26.70250 -116.99140
107 0.00000 -120.00000
108 26.70250 -116.99130
109 52.06610 -108.11630
110 74.81880 -93.81980
111 93.81980 -74.81880
112 108.11630 -52.06600
113 116.99140 -26.70250
114 150.00000 0.00000
115 146.23920 33.37810
116 135.14529 65.08260
117 117.27470 93.52350
118 93.52350 117.27470
119 65.08260 135.14529
120 33.37810 146.23920
121 0.00000 150.00000
122 -33.37810 146.23920
123 -65.08260 135.14529
124 -93.52350 117.27470
125 -117.27470 93.52350
126 -135.14529 65.08260
127 -146.23920 33.37810
128 -150.00000 0.00000
129 -146.23920 -33.37820
130 -135.14529 -65.08260
131 -117.27470 -93.52350
132 -93.52350 -117.27470
133 -65.08250 -135.14529
134 -33.37810 -146.23920
135 0.00000 -150.00000
136 33.37820 -146.23920
137 65.08260 -135.14529
138 93.52350 -117.27470
139 117.27470 -93.52350
140 135.14529 -65.08250
141 146.23920 -33.37810
142 180.00000 0.00000
143 175.48700 40.05380
144 162.17439 78.09910
145 140.72971 112.22820
146 112.22820 140.72971
147 78.09910 162.17439
148 40.05380 175.48700
149 0.00000 180.00000
150 -40.05380 175.48700
151 -78.09910 162.17439
152 -112.22820 140.72971
153 -140.72971 112.22820
154 -162.17439 78.09910
155 -175.48700 40.05380
156 -180.00000 0.00000
157 -175.48700 -40.05380
158 -162.17439 -78.09910
159 -140.72971 -112.22820
160 -112.22810 -140.72971
161 -78.09910 -162.17439
162 -40.05370 -175.48700
163 0.00000 -180.00000
164 40.05380 -175.48700
165 78.09910 -162.17439
166 112.22820 -140.72960
167 140.72971 -112.22810
168 162.17439 -78.09900
169 175.48700 -40.05370
170 210.00000 0.00000
171 204.73489 46.72940
172 189.20351 91.11560
173 164.18460 130.93291
174 130.93291 164.18460
175 91.11560 189.20351
176 46.72940 204.73489
177 0.00000 210.00000
178 -46.72940 204.73489
179 -91.11560 189.20351
180 -130.93291 164.18460
181 -164.18460 130.93280
182 -189.20351 91.11560
183 -204.73489 46.72940
184 -210.00000 0.00000
185 -204.73489 -46.72940
186 -189.20351 -91.11560
187 -164.18460 -130.93291
188 -130.93280 -164.18460
189 -91.11560 -189.20351
190 -46.72940 -204.73489
191 0.00000 -210.00000
192 46.72940 -204.73480
193 91.11560 -189.20340
194 130.93291 -164.18460
195 164.18460 -130.93280
196 189.20351 -91.11560
197 204.73489 -46.72940
198 240.00000 0.00000
199 233.98270 53.40500
200 216.23250 104.13210
201 187.63960 149.63760
202 149.63750 187.63960
203 104.13210 216.23250
204 53.40500 233.98270
205 0.00000 240.00000
206 -53.40500 233.98270
207 -104.13210 216.23250
208 -149.63760 187.63950
209 -187.63960 149.63750
210 -216.23250 104.13210
211 -233.98270 53.40500
212 -240.00000 0.00000
213 -233.98270 -53.40500
214 -216.23250 -104.13210
215 -187.63950 -149.63760
216 -149.63750 -187.63960
217 -104.13210 -216.23250
218 -53.40500 -233.98270
219 0.00000 -240.00000
220 53.40510 -233.98270
221 104.13210 -216.23250
222 149.63760 -187.63950
223 187.63960 -149.63750
224 216.23250 -104.13210
225 233.98270 -53.40500
226 270.00000 0.00000
227 263.23050 60.08070
228 243.26160 117.14860
229 211.09450 168.34230
230 168.34219 211.09450
231 117.14860 243.26160
232 60.08060 263.23050
233 0.00000 270.00000
234 -60.08070 263.23050
235 -117.14860 243.26160
236 -168.34230 211.09450
237 -211.09450 168.34219
238 -243.26160 117.14860
239 -263.23050 60.08060
240 -270.00000 0.00000
241 -263.23050 -60.08070
242 -243.26160 -117.14860
243 -211.09450 -168.34230
244 -168.34219 -211.09450
245 -117.14860 -243.26160
246 -60.08060 -263.23050
247 0.00000 -270.00000
248 60.08070 -263.23050
249 117.14860 -243.26160
250 168.34230 -211.09450
251 211.09450 -168.34219
252 243.26160 -117.14860
253 263.23059 -60.08060
254 300.00000 0.00000
255 292.47839 66.75630
256 270.29059 130.16510
257 234.54939 187.04700
258 187.04691 234.54950
259 130.16510 270.29059
260 66.75630 292.47839
261 0.00000 300.00000
262 -66.75630 292.47839
263 -130.16510 270.29059
264 -187.04700 234.54939
265 -234.54950 187.04691
266 -270.29071 130.16510
267 -292.47839 66.75630
268 -300.00000 0.00000
269 -292.47839 -66.75630
270 -270.29059 -130.16510
271 -234.54939 -187.04700
272 -187.04691 -234.54950
273 -130.16510 -270.29071
274 -66.75620 -292.47839
275 0.00000 -300.00000
276 66.75630 -292.47839
277 130.16521 -270.29059
278 187.04700 -234.54939
279 234.54950 -187.04691
280 270.29071 -130.16510
281 292.47839 -66.75620