1 0.00000 0.00000
2 5.77350 0.00000
3 2.88670 5.00000
4 -2.88680 5.00000
5 -5.77350 0.00000
6 -2.88670 -5.00000
7 2.88680 -5.00000
8 8.66030 5.00000
9 0.00000 10.00000
10 -8.66030 5.00000
11 -8.66030 -5.00000
12 0.00000 -10.00000
13 8.66030 -5.00000
14 5.34050 0.75000
15 3.31980 4.25000
16 6.49520 -1.25000
17 7.21690 -2.50000
18 7.93860 -3.75000
19 6.49520 1.25000
20 7.21690 2.50000
21 7.93860 3.75000
22 2.02070 5.00000
23 -2.02070 5.00000
24 4.33010 5.00000
25 5.77350 5.00000
26 7.21690 5.00000
27 2.16510 6.25000
28 1.44340 7.50000
29 0.72170 8.75000
30 -3.31980 4.25000
31 -5.34050 0.75000
32 -2.16510 6.25000
33 -1.44340 7.50000
34 -0.72170 8.75000
35 -4.33010 5.00000
36 -5.77350 5.00000
37 -7.21690 5.00000
38 -5.34050 -0.75000
39 -3.31980 -4.25000
40 -6.49520 1.25000
41 -7.21690 2.50000
42 -7.93860 3.75000
43 -6.49520 -1.25000
44 -7.21690 -2.50000
45 -7.93860 -3.75000
46 -2.02070 -5.00000
47 2.02070 -5.00000
48 -4.33010 -5.00000
49 -5.77350 -5.00000
50 -7.21690 -5.00000
51 -2.16510 -6.25000
52 -1.44340 -7.50000
53 -0.72170 -8.75000
54 3.31980 -4.25000
55 5.34050 -0.75000
56 2.16510 -6.25000
57 1.44340 -7.50000
58 0.72170 -8.75000
59 4.33010 -5.00000
60 5.77350 -5.00000
61 7.21690 -5.00000
62 7.21690 0.00000
63 3.60840 6.25000
64 -3.60840 6.25000
65 -7.21690 0.00000
66 -3.60840 -6.25000
67 3.60840 -6.25000
68 10.82530 6.25000
69 0.00000 12.50000
70 -10.82530 6.25000
71 -10.82530 -6.25000
72 0.00000 -12.50000
73 10.82530 -6.25000
74 6.67560 0.93750
75 4.14970 5.31250
76 8.11900 -1.56250
77 9.02110 -3.12500
78 9.92320 -4.68750
79 8.11900 1.56250
80 9.02110 3.12500
81 9.92320 4.68750
82 2.52590 6.25000
83 -2.52590 6.25000
84 5.41270 6.25000
85 7.21690 6.25000
86 9.02110 6.25000
87 2.70630 7.81250
88 1.80420 9.37500
89 0.90210 10.93750
90 -4.14970 5.31250
91 -6.67560 0.93750
92 -2.70630 7.81250
93 -1.80420 9.37500
94 -0.90210 10.93750
95 -5.41270 6.25000
96 -7.21690 6.25000
97 -9.02110 6.25000
98 -6.67560 -0.93750
99 -4.14970 -5.31250
100 -8.11900 1.56250
101 -9.02110 3.12500
102 -9.92320 4.68750
103 -8.11900 -1.56250
104 -9.02110 -3.12500
105 -9.92320 -4.68750
106 -2.52590 -6.25000
107 2.52590 -6.25000
108 -5.41270 -6.25000
109 -7.21690 -6.25000
110 -9.02110 -6.25000
111 -2.70630 -7.81250
112 -1.80420 -9.37500
113 -0.90210 -10.93750
114 4.14970 -5.31250
115 6.67560 -0.93750
116 2.70630 -7.81250
117 1.80420 -9.37500
118 0.90210 -10.93750
119 5.41270 -6.25000
120 7.21690 -6.25000
121 9.02110 -6.25000
122 9.02110 0.00000
123 4.51050 7.81250
124 -4.51050 7.81250
125 -9.02110 0.00000
126 -4.51050 -7.81250
127 4.51060 -7.81250
128 13.53160 7.81250
129 0.00000 15.62500
130 -13.53160 7.81250
131 -13.53160 -7.81250
132 0.00000 -15.62500
133 13.53160 -7.81250
134 8.34450 1.17190
135 5.18710 6.64060
136 10.14870 -1.95310
137 11.27640 -3.90620
138 12.40400 -5.85940
139 10.14870 1.95310
140 11.27640 3.90620
141 12.40400 5.85940
142 3.15740 7.81250
143 -3.15740 7.81250
144 6.76580 7.81250
145 9.02110 7.81250
146 11.27640 7.81250
147 3.38290 9.76560
148 2.25530 11.71870
149 1.12760 13.67190
150 -5.18710 6.64060
151 -8.34450 1.17190
152 -3.38290 9.76560
153 -2.25530 11.71870
154 -1.12760 13.67190
155 -6.76580 7.81250
156 -9.02110 7.81250
157 -11.27640 7.81250
158 -8.34450 -1.17190
159 -5.18710 -6.64060
160 -10.14870 1.95310
161 -11.27640 3.90620
162 -12.40400 5.85940
163 -10.14870 -1.95310
164 -11.27640 -3.90630
165 -12.40400 -5.85940
166 -3.15740 -7.81250
167 3.15740 -7.81250
168 -6.76580 -7.81250
169 -9.02110 -7.81250
170 -11.27640 -7.81250
171 -3.38290 -9.76560
172 -2.25530 -11.71870
173 -1.12760 -13.67190
174 5.18710 -6.64060
175 8.34450 -1.17190
176 3.38290 -9.76560
177 2.25530 -11.71870
178 1.12760 -13.67190
179 6.76580 -7.81250
180 9.02110 -7.81250
181 11.27640 -7.81250
182 11.27640 0.00000
183 5.63820 9.76560
184 -5.63820 9.76560
185 -11.27640 0.00000
186 -5.63820 -9.76560
187 5.63820 -9.76560
188 16.91460 9.76560
189 0.00000 19.53120
190 -16.91460 9.76560
191 -16.91460 -9.76560
192 0.00000 -19.53120
193 16.91460 -9.76560
194 10.43060 1.46480
195 6.48390 8.30080
196 12.68590 -2.44140
197 14.09550 -4.88280
198 15.50500 -7.32420
199 12.68590 2.44140
200 14.09550 4.88280
201 15.50500 7.32420
202 3.94670 9.76560
203 -3.94670 9.76560
204 8.45730 9.76560
205 11.27640 9.76560
206 14.09550 9.76560
207 4.22860 12.20700
208 2.81910 14.64840
209 1.40950 17.08980
210 -6.48390 8.30080
211 -10.43060 1.46480
212 -4.22860 12.20700
213 -2.81910 14.64840
214 -1.40950 17.08980
215 -8.45730 9.76560
216 -11.27640 9.76560
217 -14.09550 9.76560
218 -10.43060 -1.46480
219 -6.48390 -8.30080
220 -12.68590 2.44140
221 -14.09550 4.88280
222 -15.50500 7.32420
223 -12.68590 -2.44140
224 -14.09550 -4.88280
225 -15.50500 -7.32420
226 -3.94670 -9.76560
227 3.94670 -9.76560
228 -8.45730 -9.76560
229 -11.27640 -9.76560
230 -14.09550 -9.76560
231 -4.22860 -12.20700
232 -2.81910 -14.64840
233 -1.40950 -17.08980
234 6.48390 -8.30080
235 10.43060 -1.46480
236 4.22860 -12.20700
237 2.81910 -14.64840
238 1.40950 -17.08980
239 8.45730 -9.76560
240 11.27640 -9.76560
241 14.09550 -9.76560