1 0.00000 -17.00000
2 -1.00000 -16.00000
3 1.00000 -16.00000
4 -2.00000 -15.00000
5 0.00000 -15.00000
6 2.00000 -15.00000
7 -3.00000 -14.00000
8 -1.00000 -14.00000
9 1.00000 -14.00000
10 3.00000 -14.00000
11 -4.00000 -13.00000
12 -2.00000 -13.00000
13 0.00000 -13.00000
14 2.00000 -13.00000
15 4.00000 -13.00000
16 -5.00000 -12.00000
17 -3.00000 -12.00000
18 -1.00000 -12.00000
19 1.00000 -12.00000
20 3.00000 -12.00000
21 5.00000 -12.00000
22 -6.00000 -11.00000
23 -4.00000 -11.00000
24 -2.00000 -11.00000
25 0.00000 -11.00000
26 2.00000 -11.00000
27 4.00000 -11.00000
28 6.00000 -11.00000
29 -7.00000 -10.00000
30 -5.00000 -10.00000
31 -3.00000 -10.00000
32 -1.00000 -10.00000
33 1.00000 -10.00000
34 3.00000 -10.00000
35 5.00000 -10.00000
36 7.00000 -10.00000
37 -8.00000 -9.00000
38 -6.00000 -9.00000
39 -4.00000 -9.00000
40 -2.00000 -9.00000
41 0.00000 -9.00000
42 2.00000 -9.00000
43 4.00000 -9.00000
44 6.00000 -9.00000
45 8.00000 -9.00000
46 -9.00000 -8.00000
47 -7.00000 -8.00000
48 -5.00000 -8.00000
49 -3.00000 -8.00000
50 -1.00000 -8.00000
51 1.00000 -8.00000
52 3.00000 -8.00000
53 5.00000 -8.00000
54 7.00000 -8.00000
55 9.00000 -8.00000
56 -10.00000 -7.00000
57 -8.00000 -7.00000
58 -6.00000 -7.00000
59 -4.00000 -7.00000
60 -2.00000 -7.00000
61 0.00000 -7.00000
62 2.00000 -7.00000
63 4.00000 -7.00000
64 6.00000 -7.00000
65 8.00000 -7.00000
66 10.00000 -7.00000
67 -11.00000 -6.00000
68 -9.00000 -6.00000
69 -7.00000 -6.00000
70 -5.00000 -6.00000
71 -3.00000 -6.00000
72 -1.00000 -6.00000
73 1.00000 -6.00000
74 3.00000 -6.00000
75 5.00000 -6.00000
76 7.00000 -6.00000
77 9.00000 -6.00000
78 11.00000 -6.00000
79 -12.00000 -5.00000
80 -10.00000 -5.00000
81 -8.00000 -5.00000
82 -6.00000 -5.00000
83 -4.00000 -5.00000
84 -2.00000 -5.00000
85 0.00000 -5.00000
86 2.00000 -5.00000
87 4.00000 -5.00000
88 6.00000 -5.00000
89 8.00000 -5.00000
90 10.00000 -5.00000
91 12.00000 -5.00000
92 -13.00000 -4.00000
93 -11.00000 -4.00000
94 -9.00000 -4.00000
95 -7.00000 -4.00000
96 -5.00000 -4.00000
97 -3.00000 -4.00000
98 -1.00000 -4.00000
99 1.00000 -4.00000
100 3.00000 -4.00000
101 5.00000 -4.00000
102 7.00000 -4.00000
103 9.00000 -4.00000
104 11.00000 -4.00000
105 13.00000 -4.00000
106 -14.00000 -3.00000
107 -12.00000 -3.00000
108 -10.00000 -3.00000
109 -8.00000 -3.00000
110 -6.00000 -3.00000
111 -4.00000 -3.00000
112 -2.00000 -3.00000
113 0.00000 -3.00000
114 2.00000 -3.00000
115 4.00000 -3.00000
116 6.00000 -3.00000
117 8.00000 -3.00000
118 10.00000 -3.00000
119 12.00000 -3.00000
120 14.00000 -3.00000
121 -15.00000 -2.00000
122 -13.00000 -2.00000
123 -11.00000 -2.00000
124 -9.00000 -2.00000
125 -7.00000 -2.00000
126 -5.00000 -2.00000
127 -3.00000 -2.00000
128 -1.00000 -2.00000
129 1.00000 -2.00000
130 3.00000 -2.00000
131 5.00000 -2.00000
132 7.00000 -2.00000
133 9.00000 -2.00000
134 11.00000 -2.00000
135 13.00000 -2.00000
136 15.00000 -2.00000
137 -16.00000 -1.00000
138 -14.00000 -1.00000
139 -12.00000 -1.00000
140 -10.00000 -1.00000
141 -8.00000 -1.00000
142 -6.00000 -1.00000
143 -4.00000 -1.00000
144 -2.00000 -1.00000
145 0.00000 -1.00000
146 2.00000 -1.00000
147 4.00000 -1.00000
148 6.00000 -1.00000
149 8.00000 -1.00000
150 10.00000 -1.00000
151 12.00000 -1.00000
152 14.00000 -1.00000
153 16.00000 -1.00000
154 -17.00000 0.00000
155 -15.00000 0.00000
156 -13.00000 0.00000
157 -11.00000 0.00000
158 -9.00000 0.00000
159 -7.00000 0.00000
160 -5.00000 0.00000
161 -3.00000 0.00000
162 -1.00000 0.00000
163 1.00000 0.00000
164 3.00000 0.00000
165 5.00000 0.00000
166 7.00000 0.00000
167 9.00000 0.00000
168 11.00000 0.00000
169 13.00000 0.00000
170 15.00000 0.00000
171 17.00000 0.00000
172 -16.00000 1.00000
173 -14.00000 1.00000
174 -12.00000 1.00000
175 -10.00000 1.00000
176 -8.00000 1.00000
177 -6.00000 1.00000
178 -4.00000 1.00000
179 -2.00000 1.00000
180 0.00000 1.00000
181 2.00000 1.00000
182 4.00000 1.00000
183 6.00000 1.00000
184 8.00000 1.00000
185 10.00000 1.00000
186 12.00000 1.00000
187 14.00000 1.00000
188 16.00000 1.00000
189 -15.00000 2.00000
190 -13.00000 2.00000
191 -11.00000 2.00000
192 -9.00000 2.00000
193 -7.00000 2.00000
194 -5.00000 2.00000
195 -3.00000 2.00000
196 -1.00000 2.00000
197 1.00000 2.00000
198 3.00000 2.00000
199 5.00000 2.00000
200 7.00000 2.00000
201 9.00000 2.00000
202 11.00000 2.00000
203 13.00000 2.00000
204 15.00000 2.00000
205 -14.00000 3.00000
206 -12.00000 3.00000
207 -10.00000 3.00000
208 -8.00000 3.00000
209 -6.00000 3.00000
210 -4.00000 3.00000
211 -2.00000 3.00000
212 0.00000 3.00000
213 2.00000 3.00000
214 4.00000 3.00000
215 6.00000 3.00000
216 8.00000 3.00000
217 10.00000 3.00000
218 12.00000 3.00000
219 14.00000 3.00000
220 -13.00000 4.00000
221 -11.00000 4.00000
222 -9.00000 4.00000
223 -7.00000 4.00000
224 -5.00000 4.00000
225 -3.00000 4.00000
226 -1.00000 4.00000
227 1.00000 4.00000
228 3.00000 4.00000
229 5.00000 4.00000
230 7.00000 4.00000
231 9.00000 4.00000
232 11.00000 4.00000
233 13.00000 4.00000
234 -12.00000 5.00000
235 -10.00000 5.00000
236 -8.00000 5.00000
237 -6.00000 5.00000
238 -4.00000 5.00000
239 -2.00000 5.00000
240 0.00000 5.00000
241 2.00000 5.00000
242 4.00000 5.00000
243 6.00000 5.00000
244 8.00000 5.00000
245 10.00000 5.00000
246 12.00000 5.00000
247 -11.00000 6.00000
248 -9.00000 6.00000
249 -7.00000 6.00000
250 -5.00000 6.00000
251 -3.00000 6.00000
252 -1.00000 6.00000
253 1.00000 6.00000
254 3.00000 6.00000
255 5.00000 6.00000
256 7.00000 6.00000
257 9.00000 6.00000
258 11.00000 6.00000
259 -10.00000 7.00000
260 -8.00000 7.00000
261 -6.00000 7.00000
262 -4.00000 7.00000
263 -2.00000 7.00000
264 0.00000 7.00000
265 2.00000 7.00000
266 4.00000 7.00000
267 6.00000 7.00000
268 8.00000 7.00000
269 10.00000 7.00000
270 -9.00000 8.00000
271 -7.00000 8.00000
272 -5.00000 8.00000
273 -3.00000 8.00000
274 -1.00000 8.00000
275 1.00000 8.00000
276 3.00000 8.00000
277 5.00000 8.00000
278 7.00000 8.00000
279 9.00000 8.00000
280 -8.00000 9.00000
281 -6.00000 9.00000
282 -4.00000 9.00000
283 -2.00000 9.00000
284 0.00000 9.00000
285 2.00000 9.00000
286 4.00000 9.00000
287 6.00000 9.00000
288 8.00000 9.00000
289 -7.00000 10.00000
290 -5.00000 10.00000
291 -3.00000 10.00000
292 -1.00000 10.00000
293 1.00000 10.00000
294 3.00000 10.00000
295 5.00000 10.00000
296 7.00000 10.00000
297 -6.00000 11.00000
298 -4.00000 11.00000
299 -2.00000 11.00000
300 0.00000 11.00000
301 2.00000 11.00000
302 4.00000 11.00000
303 6.00000 11.00000
304 -5.00000 12.00000
305 -3.00000 12.00000
306 -1.00000 12.00000
307 1.00000 12.00000
308 3.00000 12.00000
309 5.00000 12.00000
310 -4.00000 13.00000
311 -2.00000 13.00000
312 0.00000 13.00000
313 2.00000 13.00000
314 4.00000 13.00000
315 -3.00000 14.00000
316 -1.00000 14.00000
317 1.00000 14.00000
318 3.00000 14.00000
319 -2.00000 15.00000
320 0.00000 15.00000
321 2.00000 15.00000
322 -1.00000 16.00000
323 1.00000 16.00000
324 0.00000 17.00000