1 0.0000 0.0000
2 30.0000 0.0000
3 29.9161 2.2419
4 29.6649 4.4713
5 29.2478 6.6756
6 28.6672 8.8427
7 27.9262 10.9602
8 27.0291 13.0165
9 25.9808 15.0000
10 24.7872 16.8996
11 23.4549 18.7047
12 21.9916 20.4052
13 20.4052 21.9916
14 18.7047 23.4549
15 16.8996 24.7872
16 15.0000 25.9808
17 13.0165 27.0291
18 10.9602 27.9262
19 8.8427 28.6672
20 6.6756 29.2478
21 4.4713 29.6649
22 2.2419 29.9161
23 0.0000 30.0000
24 -2.2419 29.9161
25 -4.4713 29.6649
26 -6.6756 29.2478
27 -8.8427 28.6672
28 -10.9602 27.9262
29 -13.0165 27.0291
30 -15.0000 25.9808
31 -16.8996 24.7872
32 -18.7047 23.4549
33 -20.4052 21.9916
34 -21.9916 20.4052
35 -23.4549 18.7047
36 -24.7872 16.8996
37 -25.9808 15.0000
38 -27.0291 13.0165
39 -27.9262 10.9602
40 -28.6672 8.8427
41 -29.2478 6.6756
42 -29.6649 4.4713
43 -29.9161 2.2419
44 -30.0000 0.0000
45 -29.9161 -2.2419
46 -29.6649 -4.4713
47 -29.2478 -6.6756
48 -28.6672 -8.8427
49 -27.9262 -10.9602
50 -27.0291 -13.0165
51 -25.9808 -15.0000
52 -24.7872 -16.8996
53 -23.4549 -18.7047
54 -21.9916 -20.4052
55 -20.4052 -21.9916
56 -18.7047 -23.4549
57 -16.8996 -24.7872
58 -15.0000 -25.9808
59 -13.0165 -27.0291
60 -10.9602 -27.9262
61 -8.8427 -28.6672
62 -6.6756 -29.2478
63 -4.4713 -29.6649
64 -2.2419 -29.9161
65 -0.0000 -30.0000
66 2.2419 -29.9161
67 4.4713 -29.6649
68 6.6756 -29.2478
69 8.8427 -28.6672
70 10.9602 -27.9262
71 13.0165 -27.0291
72 15.0000 -25.9808
73 16.8996 -24.7872
74 18.7047 -23.4549
75 20.4052 -21.9916
76 21.9916 -20.4052
77 23.4549 -18.7047
78 24.7872 -16.8996
79 25.9808 -15.0000
80 27.0291 -13.0165
81 27.9262 -10.9602
82 28.6672 -8.8427
83 29.2478 -6.6756
84 29.6649 -4.4713
85 29.9161 -2.2419
86 60.0000 0.0000
87 59.8322 4.4838
88 59.3298 8.9425
89 58.4957 13.3513
90 57.3344 17.6853
91 55.8524 21.9205
92 54.0581 26.0330
93 51.9615 30.0000
94 49.5743 33.7992
95 46.9099 37.4094
96 43.9831 40.8104
97 40.8104 43.9831
98 37.4094 46.9099
99 33.7992 49.5743
100 30.0000 51.9615
101 26.0330 54.0581
102 21.9205 55.8524
103 17.6853 57.3344
104 13.3513 58.4957
105 8.9425 59.3298
106 4.4838 59.8322
107 0.0000 60.0000
108 -4.4838 59.8322
109 -8.9425 59.3298
110 -13.3513 58.4957
111 -17.6853 57.3344
112 -21.9205 55.8524
113 -26.0330 54.0581
114 -30.0000 51.9615
115 -33.7992 49.5743
116 -37.4094 46.9099
117 -40.8104 43.9831
118 -43.9831 40.8104
119 -46.9099 37.4094
120 -49.5743 33.7992
121 -51.9615 30.0000
122 -54.0581 26.0330
123 -55.8524 21.9205
124 -57.3344 17.6853
125 -58.4957 13.3513
126 -59.3298 8.9425
127 -59.8322 4.4838
128 -60.0000 0.0000
129 -59.8322 -4.4838
130 -59.3298 -8.9425
131 -58.4957 -13.3513
132 -57.3344 -17.6853
133 -55.8524 -21.9205
134 -54.0581 -26.0330
135 -51.9615 -30.0000
136 -49.5743 -33.7992
137 -46.9099 -37.4094
138 -43.9831 -40.8104
139 -40.8104 -43.9831
140 -37.4094 -46.9099
141 -33.7992 -49.5743
142 -30.0000 -51.9615
143 -26.0330 -54.0581
144 -21.9205 -55.8524
145 -17.6853 -57.3344
146 -13.3513 -58.4957
147 -8.9425 -59.3298
148 -4.4838 -59.8322
149 -0.0000 -60.0000
150 4.4838 -59.8322
151 8.9425 -59.3298
152 13.3513 -58.4957
153 17.6853 -57.3344
154 21.9205 -55.8524
155 26.0330 -54.0581
156 30.0000 -51.9615
157 33.7992 -49.5743
158 37.4094 -46.9099
159 40.8104 -43.9831
160 43.9831 -40.8104
161 46.9099 -37.4094
162 49.5743 -33.7992
163 51.9615 -30.0000
164 54.0581 -26.0330
165 55.8524 -21.9205
166 57.3344 -17.6853
167 58.4957 -13.3513
168 59.3298 -8.9425
169 59.8322 -4.4838
170 90.0000 0.0000
171 89.7483 6.7257
172 88.9948 13.4138
173 87.7435 20.0269
174 86.0016 26.5280
175 83.7786 32.8807
176 81.0872 39.0495
177 77.9423 45.0000
178 74.3615 50.6988
179 70.3648 56.1141
180 65.9747 61.2155
181 61.2155 65.9747
182 56.1141 70.3648
183 50.6988 74.3615
184 45.0000 77.9423
185 39.0495 81.0872
186 32.8807 83.7786
187 26.5280 86.0016
188 20.0269 87.7435
189 13.4138 88.9948
190 6.7257 89.7483
191 0.0000 90.0000
192 -6.7257 89.7483
193 -13.4138 88.9948
194 -20.0269 87.7435
195 -26.5280 86.0016
196 -32.8807 83.7786
197 -39.0495 81.0872
198 -45.0000 77.9423
199 -50.6988 74.3615
200 -56.1141 70.3648
201 -61.2155 65.9747
202 -65.9747 61.2155
203 -70.3648 56.1141
204 -74.3615 50.6988
205 -77.9423 45.0000
206 -81.0872 39.0495
207 -83.7786 32.8807
208 -86.0016 26.5280
209 -87.7435 20.0269
210 -88.9948 13.4138
211 -89.7483 6.7257
212 -90.0000 0.0000
213 -89.7483 -6.7257
214 -88.9948 -13.4138
215 -87.7435 -20.0269
216 -86.0016 -26.5280
217 -83.7786 -32.8807
218 -81.0872 -39.0495
219 -77.9423 -45.0000
220 -74.3615 -50.6988
221 -70.3648 -56.1141
222 -65.9747 -61.2155
223 -61.2155 -65.9747
224 -56.1141 -70.3648
225 -50.6988 -74.3615
226 -45.0000 -77.9423
227 -39.0495 -81.0872
228 -32.8807 -83.7786
229 -26.5280 -86.0016
230 -20.0269 -87.7435
231 -13.4138 -88.9948
232 -6.7257 -89.7483
233 -0.0000 -90.0000
234 6.7257 -89.7483
235 13.4138 -88.9948
236 20.0269 -87.7435
237 26.5280 -86.0016
238 32.8807 -83.7786
239 39.0495 -81.0872
240 45.0000 -77.9423
241 50.6988 -74.3615
242 56.1141 -70.3648
243 61.2155 -65.9747
244 65.9747 -61.2155
245 70.3648 -56.1141
246 74.3615 -50.6988
247 77.9423 -45.0000
248 81.0872 -39.0495
249 83.7786 -32.8807
250 86.0016 -26.5280
251 87.7435 -20.0269
252 88.9948 -13.4138
253 89.7483 -6.7257
254 120.0000 0.0000
255 119.6645 8.9676
256 118.6597 17.8851
257 116.9913 26.7025
258 114.6687 35.3706
259 111.7048 43.8409
260 108.1163 52.0660
261 103.9230 60.0000
262 99.1487 67.5984
263 93.8198 74.8188
264 87.9662 81.6207
265 81.6207 87.9662
266 74.8188 93.8198
267 67.5984 99.1487
268 60.0000 103.9230
269 52.0660 108.1163
270 43.8409 111.7048
271 35.3706 114.6687
272 26.7025 116.9913
273 17.8851 118.6597
274 8.9676 119.6645
275 0.0000 120.0000
276 -8.9676 119.6645
277 -17.8851 118.6597
278 -26.7025 116.9913
279 -35.3706 114.6687
280 -43.8409 111.7048
281 -52.0660 108.1163
282 -60.0000 103.9230
283 -67.5984 99.1487
284 -74.8188 93.8198
285 -81.6207 87.9662
286 -87.9662 81.6207
287 -93.8198 74.8188
288 -99.1487 67.5984
289 -103.9230 60.0000
290 -108.1163 52.0660
291 -111.7048 43.8409
292 -114.6687 35.3706
293 -116.9913 26.7025
294 -118.6597 17.8851
295 -119.6645 8.9676
296 -120.0000 0.0000
297 -119.6645 -8.9676
298 -118.6597 -17.8851
299 -116.9913 -26.7025
300 -114.6687 -35.3706
301 -111.7048 -43.8409
302 -108.1163 -52.0660
303 -103.9230 -60.0000
304 -99.1487 -67.5984
305 -93.8198 -74.8188
306 -87.9662 -81.6207
307 -81.6207 -87.9662
308 -74.8188 -93.8198
309 -67.5984 -99.1487
310 -60.0000 -103.9230
311 -52.0660 -108.1163
312 -43.8409 -111.7048
313 -35.3706 -114.6687
314 -26.7025 -116.9913
315 -17.8851 -118.6597
316 -8.9676 -119.6645
317 -0.0000 -120.0000
318 8.9676 -119.6645
319 17.8851 -118.6597
320 26.7025 -116.9913
321 35.3706 -114.6687
322 43.8409 -111.7048
323 52.0660 -108.1163
324 60.0000 -103.9230
325 67.5984 -99.1487
326 74.8188 -93.8198
327 81.6207 -87.9662
328 87.9662 -81.6207
329 93.8198 -74.8188
330 99.1487 -67.5984
331 103.9230 -60.0000
332 108.1163 -52.0660
333 111.7048 -43.8409
334 114.6687 -35.3706
335 116.9913 -26.7025
336 118.6597 -17.8851
337 119.6645 -8.9676
338 150.0000 0.0000
339 149.5806 11.2095
340 148.3246 22.3563
341 146.2392 33.3781
342 143.3359 44.2133
343 139.6311 54.8012
344 135.1453 65.0826
345 129.9038 75.0000
346 123.9358 84.4980
347 117.2747 93.5235
348 109.9578 102.0259
349 102.0259 109.9578
350 93.5235 117.2747
351 84.4980 123.9358
352 75.0000 129.9038
353 65.0826 135.1453
354 54.8012 139.6311
355 44.2133 143.3359
356 33.3781 146.2392
357 22.3563 148.3246
358 11.2095 149.5806
359 0.0000 150.0000
360 -11.2095 149.5806
361 -22.3563 148.3246
362 -33.3781 146.2392
363 -44.2133 143.3359
364 -54.8012 139.6311
365 -65.0826 135.1453
366 -75.0000 129.9038
367 -84.4980 123.9358
368 -93.5235 117.2747
369 -102.0259 109.9578
370 -109.9578 102.0259
371 -117.2747 93.5235
372 -123.9358 84.4980
373 -129.9038 75.0000
374 -135.1453 65.0826
375 -139.6311 54.8012
376 -143.3359 44.2133
377 -146.2392 33.3781
378 -148.3246 22.3563
379 -149.5806 11.2095
380 -150.0000 0.0000
381 -149.5806 -11.2095
382 -148.3246 -22.3563
383 -146.2392 -33.3781
384 -143.3359 -44.2133
385 -139.6311 -54.8012
386 -135.1453 -65.0826
387 -129.9038 -75.0000
388 -123.9358 -84.4980
389 -117.2747 -93.5235
390 -109.9578 -102.0259
391 -102.0259 -109.9578
392 -93.5235 -117.2747
393 -84.4980 -123.9358
394 -75.0000 -129.9038
395 -65.0826 -135.1453
396 -54.8012 -139.6311
397 -44.2133 -143.3359
398 -33.3781 -146.2392
399 -22.3563 -148.3246
400 -11.2095 -149.5806
401 -0.0000 -150.0000
402 11.2095 -149.5806
403 22.3563 -148.3246
404 33.3781 -146.2392
405 44.2133 -143.3359
406 54.8012 -139.6311
407 65.0826 -135.1453
408 75.0000 -129.9038
409 84.4980 -123.9358
410 93.5235 -117.2747
411 102.0259 -109.9578
412 109.9578 -102.0259
413 117.2747 -93.5235
414 123.9358 -84.4980
415 129.9038 -75.0000
416 135.1453 -65.0826
417 139.6311 -54.8012
418 143.3359 -44.2133
419 146.2392 -33.3781
420 148.3246 -22.3563
421 149.5806 -11.2095
422 180.0000 0.0000
423 179.4967 13.4514
424 177.9895 26.8276
425 175.4870 40.0538
426 172.0031 53.0559
427 167.5573 65.7614
428 162.1744 78.0991
429 155.8846 90.0000
430 148.7230 101.3976
431 140.7297 112.2282
432 131.9493 122.4311
433 122.4311 131.9493
434 112.2282 140.7297
435 101.3976 148.7230
436 90.0000 155.8846
437 78.0991 162.1744
438 65.7614 167.5573
439 53.0559 172.0031
440 40.0538 175.4870
441 26.8276 177.9895
442 13.4514 179.4967
443 0.0000 180.0000
444 -13.4514 179.4967
445 -26.8276 177.9895
446 -40.0538 175.4870
447 -53.0559 172.0031
448 -65.7614 167.5573
449 -78.0991 162.1744
450 -90.0000 155.8846
451 -101.3976 148.7230
452 -112.2282 140.7297
453 -122.4311 131.9493
454 -131.9493 122.4311
455 -140.7297 112.2282
456 -148.7230 101.3976
457 -155.8846 90.0000
458 -162.1744 78.0991
459 -167.5573 65.7614
460 -172.0031 53.0559
461 -175.4870 40.0538
462 -177.9895 26.8276
463 -179.4967 13.4514
464 -180.0000 0.0000
465 -179.4967 -13.4514
466 -177.9895 -26.8276
467 -175.4870 -40.0538
468 -172.0031 -53.0559
469 -167.5573 -65.7614
470 -162.1744 -78.0991
471 -155.8846 -90.0000
472 -148.7230 -101.3976
473 -140.7297 -112.2282
474 -131.9493 -122.4311
475 -122.4311 -131.9493
476 -112.2282 -140.7297
477 -101.3976 -148.7230
478 -90.0000 -155.8846
479 -78.0991 -162.1744
480 -65.7614 -167.5573
481 -53.0559 -172.0031
482 -40.0538 -175.4870
483 -26.8276 -177.9895
484 -13.4514 -179.4967
485 -0.0000 -180.0000
486 13.4514 -179.4967
487 26.8276 -177.9895
488 40.0538 -175.4870
489 53.0559 -172.0031
490 65.7614 -167.5573
491 78.0991 -162.1744
492 90.0000 -155.8846
493 101.3976 -148.7230
494 112.2282 -140.7297
495 122.4311 -131.9493
496 131.9493 -122.4311
497 140.7297 -112.2282
498 148.7230 -101.3976
499 155.8846 -90.0000
500 162.1744 -78.0991
501 167.5573 -65.7614
502 172.0031 -53.0559
503 175.4870 -40.0538
504 177.9895 -26.8276
505 179.4967 -13.4514
506 210.0000 0.0000
507 209.4128 15.6933
508 207.6545 31.2989
509 204.7349 46.7294
510 200.6703 61.8986
511 195.4835 76.7216
512 189.2035 91.1156
513 181.8653 105.0000
514 173.5101 118.2972
515 164.1846 130.9329
516 153.9409 142.8363
517 142.8363 153.9409
518 130.9329 164.1846
519 118.2972 173.5101
520 105.0000 181.8653
521 91.1156 189.2035
522 76.7216 195.4835
523 61.8986 200.6703
524 46.7294 204.7349
525 31.2989 207.6545
526 15.6933 209.4128
527 0.0000 210.0000
528 -15.6933 209.4128
529 -31.2989 207.6545
530 -46.7294 204.7349
531 -61.8986 200.6703
532 -76.7216 195.4835
533 -91.1156 189.2035
534 -105.0000 181.8653
535 -118.2972 173.5101
536 -130.9329 164.1846
537 -142.8363 153.9409
538 -153.9409 142.8363
539 -164.1846 130.9329
540 -173.5101 118.2972
541 -181.8653 105.0000
542 -189.2035 91.1156
543 -195.4835 76.7216
544 -200.6703 61.8986
545 -204.7349 46.7294
546 -207.6545 31.2989
547 -209.4128 15.6933
548 -210.0000 0.0000
549 -209.4128 -15.6933
550 -207.6545 -31.2989
551 -204.7349 -46.7294
552 -200.6703 -61.8986
553 -195.4835 -76.7216
554 -189.2035 -91.1156
555 -181.8653 -105.0000
556 -173.5101 -118.2972
557 -164.1846 -130.9329
558 -153.9409 -142.8363
559 -142.8363 -153.9409
560 -130.9329 -164.1846
561 -118.2972 -173.5101
562 -105.0000 -181.8653
563 -91.1156 -189.2035
564 -76.7216 -195.4835
565 -61.8986 -200.6703
566 -46.7294 -204.7349
567 -31.2989 -207.6545
568 -15.6933 -209.4128
569 -0.0000 -210.0000
570 15.6933 -209.4128
571 31.2989 -207.6545
572 46.7294 -204.7349
573 61.8986 -200.6703
574 76.7216 -195.4835
575 91.1156 -189.2035
576 105.0000 -181.8653
577 118.2972 -173.5101
578 130.9329 -164.1846
579 142.8363 -153.9409
580 153.9409 -142.8363
581 164.1846 -130.9329
582 173.5101 -118.2972
583 181.8653 -105.0000
584 189.2035 -91.1156
585 195.4835 -76.7216
586 200.6703 -61.8986
587 204.7349 -46.7294
588 207.6545 -31.2989
589 209.4128 -15.6933
590 240.0000 0.0000
591 239.3289 17.9352
592 237.3194 35.7701
593 233.9827 53.4050
594 229.3375 70.7412
595 223.4097 87.6818
596 216.2325 104.1321
597 207.8461 120.0000
598 198.2973 135.1968
599 187.6396 149.6376
600 175.9324 163.2415
601 163.2415 175.9324
602 149.6376 187.6396
603 135.1968 198.2973
604 120.0000 207.8461
605 104.1321 216.2325
606 87.6818 223.4097
607 70.7412 229.3375
608 53.4050 233.9827
609 35.7701 237.3194
610 17.9352 239.3289
611 0.0000 240.0000
612 -17.9352 239.3289
613 -35.7701 237.3194
614 -53.4050 233.9827
615 -70.7412 229.3375
616 -87.6818 223.4097
617 -104.1321 216.2325
618 -120.0000 207.8461
619 -135.1968 198.2973
620 -149.6376 187.6396
621 -163.2415 175.9324
622 -175.9324 163.2415
623 -187.6396 149.6376
624 -198.2973 135.1968
625 -207.8461 120.0000
626 -216.2325 104.1321
627 -223.4097 87.6818
628 -229.3375 70.7412
629 -233.9827 53.4050
630 -237.3194 35.7701
631 -239.3289 17.9352
632 -240.0000 0.0000
633 -239.3289 -17.9352
634 -237.3194 -35.7701
635 -233.9827 -53.4050
636 -229.3375 -70.7412
637 -223.4097 -87.6818
638 -216.2325 -104.1321
639 -207.8461 -120.0000
640 -198.2973 -135.1968
641 -187.6396 -149.6376
642 -175.9324 -163.2415
643 -163.2415 -175.9324
644 -149.6376 -187.6396
645 -135.1968 -198.2973
646 -120.0000 -207.8461
647 -104.1321 -216.2325
648 -87.6818 -223.4097
649 -70.7412 -229.3375
650 -53.4050 -233.9827
651 -35.7701 -237.3194
652 -17.9352 -239.3289
653 -0.0000 -240.0000
654 17.9352 -239.3289
655 35.7701 -237.3194
656 53.4050 -233.9827
657 70.7412 -229.3375
658 87.6818 -223.4097
659 104.1321 -216.2325
660 120.0000 -207.8461
661 135.1968 -198.2973
662 149.6376 -187.6396
663 163.2415 -175.9324
664 175.9324 -163.2415
665 187.6396 -149.6376
666 198.2973 -135.1968
667 207.8461 -120.0000
668 216.2325 -104.1321
669 223.4097 -87.6818
670 229.3375 -70.7412
671 233.9827 -53.4050
672 237.3194 -35.7701
673 239.3289 -17.9352
674 270.0000 0.0000
675 269.2450 20.1771
676 266.9843 40.2414
677 263.2305 60.0807
678 258.0047 79.5839
679 251.3359 98.6421
680 243.2616 117.1486
681 233.8269 135.0000
682 223.0845 152.0964
683 211.0945 168.3422
684 197.9240 183.6466
685 183.6466 197.9240
686 168.3422 211.0945
687 152.0964 223.0845
688 135.0000 233.8269
689 117.1486 243.2616
690 98.6421 251.3359
691 79.5839 258.0047
692 60.0807 263.2305
693 40.2414 266.9843
694 20.1771 269.2450
695 0.0000 270.0000
696 -20.1771 269.2450
697 -40.2414 266.9843
698 -60.0807 263.2305
699 -79.5839 258.0047
700 -98.6421 251.3359
701 -117.1486 243.2616
702 -135.0000 233.8269
703 -152.0964 223.0845
704 -168.3422 211.0945
705 -183.6466 197.9240
706 -197.9240 183.6466
707 -211.0945 168.3422
708 -223.0845 152.0964
709 -233.8269 135.0000
710 -243.2616 117.1486
711 -251.3359 98.6421
712 -258.0047 79.5839
713 -263.2305 60.0807
714 -266.9843 40.2414
715 -269.2450 20.1771
716 -270.0000 0.0000
717 -269.2450 -20.1771
718 -266.9843 -40.2414
719 -263.2305 -60.0807
720 -258.0047 -79.5839
721 -251.3359 -98.6421
722 -243.2616 -117.1486
723 -233.8269 -135.0000
724 -223.0845 -152.0964
725 -211.0945 -168.3422
726 -197.9240 -183.6466
727 -183.6466 -197.9240
728 -168.3422 -211.0945
729 -152.0964 -223.0845
730 -135.0000 -233.8269
731 -117.1486 -243.2616
732 -98.6421 -251.3359
733 -79.5839 -258.0047
734 -60.0807 -263.2305
735 -40.2414 -266.9843
736 -20.1771 -269.2450
737 -0.0000 -270.0000
738 20.1771 -269.2450
739 40.2414 -266.9843
740 60.0807 -263.2305
741 79.5839 -258.0047
742 98.6421 -251.3359
743 117.1486 -243.2616
744 135.0000 -233.8269
745 152.0964 -223.0845
746 168.3422 -211.0945
747 183.6466 -197.9240
748 197.9240 -183.6466
749 211.0945 -168.3422
750 223.0845 -152.0964
751 233.8269 -135.0000
752 243.2616 -117.1486
753 251.3359 -98.6421
754 258.0047 -79.5839
755 263.2305 -60.0807
756 266.9843 -40.2414
757 269.2450 -20.1771
758 300.0000 0.0000
759 299.1611 22.4190
760 296.6492 44.7127
761 292.4784 66.7563
762 286.6718 88.4266
763 279.2621 109.6023
764 270.2907 130.1651
765 259.8076 150.0000
766 247.8716 168.9960
767 234.5494 187.0469
768 219.9156 204.0518
769 204.0518 219.9156
770 187.0469 234.5494
771 168.9960 247.8716
772 150.0000 259.8076
773 130.1651 270.2907
774 109.6023 279.2621
775 88.4266 286.6718
776 66.7563 292.4784
777 44.7127 296.6492
778 22.4190 299.1611
779 0.0000 300.0000
780 -22.4190 299.1611
781 -44.7127 296.6492
782 -66.7563 292.4784
783 -88.4266 286.6718
784 -109.6023 279.2621
785 -130.1651 270.2907
786 -150.0000 259.8076
787 -168.9960 247.8716
788 -187.0469 234.5494
789 -204.0518 219.9156
790 -219.9156 204.0518
791 -234.5494 187.0469
792 -247.8716 168.9960
793 -259.8076 150.0000
794 -270.2907 130.1651
795 -279.2621 109.6023
796 -286.6718 88.4266
797 -292.4784 66.7563
798 -296.6492 44.7127
799 -299.1611 22.4190
800 -300.0000 0.0000
801 -299.1611 -22.4190
802 -296.6492 -44.7127
803 -292.4784 -66.7563
804 -286.6718 -88.4266
805 -279.2621 -109.6023
806 -270.2907 -130.1651
807 -259.8076 -150.0000
808 -247.8716 -168.9960
809 -234.5494 -187.0469
810 -219.9156 -204.0518
811 -204.0518 -219.9156
812 -187.0469 -234.5494
813 -168.9960 -247.8716
814 -150.0000 -259.8076
815 -130.1651 -270.2907
816 -109.6023 -279.2621
817 -88.4266 -286.6718
818 -66.7563 -292.4784
819 -44.7127 -296.6492
820 -22.4190 -299.1611
821 -0.0000 -300.0000
822 22.4190 -299.1611
823 44.7127 -296.6492
824 66.7563 -292.4784
825 88.4266 -286.6718
826 109.6023 -279.2621
827 130.1651 -270.2907
828 150.0000 -259.8076
829 168.9960 -247.8716
830 187.0469 -234.5494
831 204.0518 -219.9156
832 219.9156 -204.0518
833 234.5494 -187.0469
834 247.8716 -168.9960
835 259.8076 -150.0000
836 270.2907 -130.1651
837 279.2621 -109.6023
838 286.6718 -88.4266
839 292.4784 -66.7563
840 296.6492 -44.7127
841 299.1611 -22.4190