1 0.00000 -19.00000
2 -1.00000 -18.00000
3 1.00000 -18.00000
4 -2.00000 -17.00000
5 0.00000 -17.00000
6 2.00000 -17.00000
7 -3.00000 -16.00000
8 -1.00000 -16.00000
9 1.00000 -16.00000
10 3.00000 -16.00000
11 -4.00000 -15.00000
12 -2.00000 -15.00000
13 0.00000 -15.00000
14 2.00000 -15.00000
15 4.00000 -15.00000
16 -5.00000 -14.00000
17 -3.00000 -14.00000
18 -1.00000 -14.00000
19 1.00000 -14.00000
20 3.00000 -14.00000
21 5.00000 -14.00000
22 -6.00000 -13.00000
23 -4.00000 -13.00000
24 -2.00000 -13.00000
25 0.00000 -13.00000
26 2.00000 -13.00000
27 4.00000 -13.00000
28 6.00000 -13.00000
29 -7.00000 -12.00000
30 -5.00000 -12.00000
31 -3.00000 -12.00000
32 -1.00000 -12.00000
33 1.00000 -12.00000
34 3.00000 -12.00000
35 5.00000 -12.00000
36 7.00000 -12.00000
37 -8.00000 -11.00000
38 -6.00000 -11.00000
39 -4.00000 -11.00000
40 -2.00000 -11.00000
41 0.00000 -11.00000
42 2.00000 -11.00000
43 4.00000 -11.00000
44 6.00000 -11.00000
45 8.00000 -11.00000
46 -9.00000 -10.00000
47 -7.00000 -10.00000
48 -5.00000 -10.00000
49 -3.00000 -10.00000
50 -1.00000 -10.00000
51 1.00000 -10.00000
52 3.00000 -10.00000
53 5.00000 -10.00000
54 7.00000 -10.00000
55 9.00000 -10.00000
56 -10.00000 -9.00000
57 -8.00000 -9.00000
58 -6.00000 -9.00000
59 -4.00000 -9.00000
60 -2.00000 -9.00000
61 0.00000 -9.00000
62 2.00000 -9.00000
63 4.00000 -9.00000
64 6.00000 -9.00000
65 8.00000 -9.00000
66 10.00000 -9.00000
67 -11.00000 -8.00000
68 -9.00000 -8.00000
69 -7.00000 -8.00000
70 -5.00000 -8.00000
71 -3.00000 -8.00000
72 -1.00000 -8.00000
73 1.00000 -8.00000
74 3.00000 -8.00000
75 5.00000 -8.00000
76 7.00000 -8.00000
77 9.00000 -8.00000
78 11.00000 -8.00000
79 -12.00000 -7.00000
80 -10.00000 -7.00000
81 -8.00000 -7.00000
82 -6.00000 -7.00000
83 -4.00000 -7.00000
84 -2.00000 -7.00000
85 0.00000 -7.00000
86 2.00000 -7.00000
87 4.00000 -7.00000
88 6.00000 -7.00000
89 8.00000 -7.00000
90 10.00000 -7.00000
91 12.00000 -7.00000
92 -13.00000 -6.00000
93 -11.00000 -6.00000
94 -9.00000 -6.00000
95 -7.00000 -6.00000
96 -5.00000 -6.00000
97 -3.00000 -6.00000
98 -1.00000 -6.00000
99 1.00000 -6.00000
100 3.00000 -6.00000
101 5.00000 -6.00000
102 7.00000 -6.00000
103 9.00000 -6.00000
104 11.00000 -6.00000
105 13.00000 -6.00000
106 -14.00000 -5.00000
107 -12.00000 -5.00000
108 -10.00000 -5.00000
109 -8.00000 -5.00000
110 -6.00000 -5.00000
111 -4.00000 -5.00000
112 -2.00000 -5.00000
113 0.00000 -5.00000
114 2.00000 -5.00000
115 4.00000 -5.00000
116 6.00000 -5.00000
117 8.00000 -5.00000
118 10.00000 -5.00000
119 12.00000 -5.00000
120 14.00000 -5.00000
121 -15.00000 -4.00000
122 -13.00000 -4.00000
123 -11.00000 -4.00000
124 -9.00000 -4.00000
125 -7.00000 -4.00000
126 -5.00000 -4.00000
127 -3.00000 -4.00000
128 -1.00000 -4.00000
129 1.00000 -4.00000
130 3.00000 -4.00000
131 5.00000 -4.00000
132 7.00000 -4.00000
133 9.00000 -4.00000
134 11.00000 -4.00000
135 13.00000 -4.00000
136 15.00000 -4.00000
137 -16.00000 -3.00000
138 -14.00000 -3.00000
139 -12.00000 -3.00000
140 -10.00000 -3.00000
141 -8.00000 -3.00000
142 -6.00000 -3.00000
143 -4.00000 -3.00000
144 -2.00000 -3.00000
145 0.00000 -3.00000
146 2.00000 -3.00000
147 4.00000 -3.00000
148 6.00000 -3.00000
149 8.00000 -3.00000
150 10.00000 -3.00000
151 12.00000 -3.00000
152 14.00000 -3.00000
153 16.00000 -3.00000
154 -17.00000 -2.00000
155 -15.00000 -2.00000
156 -13.00000 -2.00000
157 -11.00000 -2.00000
158 -9.00000 -2.00000
159 -7.00000 -2.00000
160 -5.00000 -2.00000
161 -3.00000 -2.00000
162 -1.00000 -2.00000
163 1.00000 -2.00000
164 3.00000 -2.00000
165 5.00000 -2.00000
166 7.00000 -2.00000
167 9.00000 -2.00000
168 11.00000 -2.00000
169 13.00000 -2.00000
170 15.00000 -2.00000
171 17.00000 -2.00000
172 -18.00000 -1.00000
173 -16.00000 -1.00000
174 -14.00000 -1.00000
175 -12.00000 -1.00000
176 -10.00000 -1.00000
177 -8.00000 -1.00000
178 -6.00000 -1.00000
179 -4.00000 -1.00000
180 -2.00000 -1.00000
181 0.00000 -1.00000
182 2.00000 -1.00000
183 4.00000 -1.00000
184 6.00000 -1.00000
185 8.00000 -1.00000
186 10.00000 -1.00000
187 12.00000 -1.00000
188 14.00000 -1.00000
189 16.00000 -1.00000
190 18.00000 -1.00000
191 -19.00000 0.00000
192 -17.00000 0.00000
193 -15.00000 0.00000
194 -13.00000 0.00000
195 -11.00000 0.00000
196 -9.00000 0.00000
197 -7.00000 0.00000
198 -5.00000 0.00000
199 -3.00000 0.00000
200 -1.00000 0.00000
201 1.00000 0.00000
202 3.00000 0.00000
203 5.00000 0.00000
204 7.00000 0.00000
205 9.00000 0.00000
206 11.00000 0.00000
207 13.00000 0.00000
208 15.00000 0.00000
209 17.00000 0.00000
210 19.00000 0.00000
211 -18.00000 1.00000
212 -16.00000 1.00000
213 -14.00000 1.00000
214 -12.00000 1.00000
215 -10.00000 1.00000
216 -8.00000 1.00000
217 -6.00000 1.00000
218 -4.00000 1.00000
219 -2.00000 1.00000
220 0.00000 1.00000
221 2.00000 1.00000
222 4.00000 1.00000
223 6.00000 1.00000
224 8.00000 1.00000
225 10.00000 1.00000
226 12.00000 1.00000
227 14.00000 1.00000
228 16.00000 1.00000
229 18.00000 1.00000
230 -17.00000 2.00000
231 -15.00000 2.00000
232 -13.00000 2.00000
233 -11.00000 2.00000
234 -9.00000 2.00000
235 -7.00000 2.00000
236 -5.00000 2.00000
237 -3.00000 2.00000
238 -1.00000 2.00000
239 1.00000 2.00000
240 3.00000 2.00000
241 5.00000 2.00000
242 7.00000 2.00000
243 9.00000 2.00000
244 11.00000 2.00000
245 13.00000 2.00000
246 15.00000 2.00000
247 17.00000 2.00000
248 -16.00000 3.00000
249 -14.00000 3.00000
250 -12.00000 3.00000
251 -10.00000 3.00000
252 -8.00000 3.00000
253 -6.00000 3.00000
254 -4.00000 3.00000
255 -2.00000 3.00000
256 0.00000 3.00000
257 2.00000 3.00000
258 4.00000 3.00000
259 6.00000 3.00000
260 8.00000 3.00000
261 10.00000 3.00000
262 12.00000 3.00000
263 14.00000 3.00000
264 16.00000 3.00000
265 -15.00000 4.00000
266 -13.00000 4.00000
267 -11.00000 4.00000
268 -9.00000 4.00000
269 -7.00000 4.00000
270 -5.00000 4.00000
271 -3.00000 4.00000
272 -1.00000 4.00000
273 1.00000 4.00000
274 3.00000 4.00000
275 5.00000 4.00000
276 7.00000 4.00000
277 9.00000 4.00000
278 11.00000 4.00000
279 13.00000 4.00000
280 15.00000 4.00000
281 -14.00000 5.00000
282 -12.00000 5.00000
283 -10.00000 5.00000
284 -8.00000 5.00000
285 -6.00000 5.00000
286 -4.00000 5.00000
287 -2.00000 5.00000
288 0.00000 5.00000
289 2.00000 5.00000
290 4.00000 5.00000
291 6.00000 5.00000
292 8.00000 5.00000
293 10.00000 5.00000
294 12.00000 5.00000
295 14.00000 5.00000
296 -13.00000 6.00000
297 -11.00000 6.00000
298 -9.00000 6.00000
299 -7.00000 6.00000
300 -5.00000 6.00000
301 -3.00000 6.00000
302 -1.00000 6.00000
303 1.00000 6.00000
304 3.00000 6.00000
305 5.00000 6.00000
306 7.00000 6.00000
307 9.00000 6.00000
308 11.00000 6.00000
309 13.00000 6.00000
310 -12.00000 7.00000
311 -10.00000 7.00000
312 -8.00000 7.00000
313 -6.00000 7.00000
314 -4.00000 7.00000
315 -2.00000 7.00000
316 0.00000 7.00000
317 2.00000 7.00000
318 4.00000 7.00000
319 6.00000 7.00000
320 8.00000 7.00000
321 10.00000 7.00000
322 12.00000 7.00000
323 -11.00000 8.00000
324 -9.00000 8.00000
325 -7.00000 8.00000
326 -5.00000 8.00000
327 -3.00000 8.00000
328 -1.00000 8.00000
329 1.00000 8.00000
330 3.00000 8.00000
331 5.00000 8.00000
332 7.00000 8.00000
333 9.00000 8.00000
334 11.00000 8.00000
335 -10.00000 9.00000
336 -8.00000 9.00000
337 -6.00000 9.00000
338 -4.00000 9.00000
339 -2.00000 9.00000
340 0.00000 9.00000
341 2.00000 9.00000
342 4.00000 9.00000
343 6.00000 9.00000
344 8.00000 9.00000
345 10.00000 9.00000
346 -9.00000 10.00000
347 -7.00000 10.00000
348 -5.00000 10.00000
349 -3.00000 10.00000
350 -1.00000 10.00000
351 1.00000 10.00000
352 3.00000 10.00000
353 5.00000 10.00000
354 7.00000 10.00000
355 9.00000 10.00000
356 -8.00000 11.00000
357 -6.00000 11.00000
358 -4.00000 11.00000
359 -2.00000 11.00000
360 0.00000 11.00000
361 2.00000 11.00000
362 4.00000 11.00000
363 6.00000 11.00000
364 8.00000 11.00000
365 -7.00000 12.00000
366 -5.00000 12.00000
367 -3.00000 12.00000
368 -1.00000 12.00000
369 1.00000 12.00000
370 3.00000 12.00000
371 5.00000 12.00000
372 7.00000 12.00000
373 -6.00000 13.00000
374 -4.00000 13.00000
375 -2.00000 13.00000
376 0.00000 13.00000
377 2.00000 13.00000
378 4.00000 13.00000
379 6.00000 13.00000
380 -5.00000 14.00000
381 -3.00000 14.00000
382 -1.00000 14.00000
383 1.00000 14.00000
384 3.00000 14.00000
385 5.00000 14.00000
386 -4.00000 15.00000
387 -2.00000 15.00000
388 0.00000 15.00000
389 2.00000 15.00000
390 4.00000 15.00000
391 -3.00000 16.00000
392 -1.00000 16.00000
393 1.00000 16.00000
394 3.00000 16.00000
395 -2.00000 17.00000
396 0.00000 17.00000
397 2.00000 17.00000
398 -1.00000 18.00000
399 1.00000 18.00000
400 0.00000 19.00000