1 0.00000 0.00000
2 30.00000 0.00000
3 29.63060 4.69300
4 28.53170 9.27050
5 26.73020 13.61970
6 24.27050 17.63360
7 21.21320 21.21320
8 17.63360 24.27050
9 13.61970 26.73020
10 9.27050 28.53170
11 4.69300 29.63060
12 0.00000 30.00000
13 -4.69300 29.63060
14 -9.27050 28.53170
15 -13.61970 26.73020
16 -17.63360 24.27050
17 -21.21320 21.21320
18 -24.27050 17.63360
19 -26.73020 13.61970
20 -28.53170 9.27050
21 -29.63070 4.69300
22 -30.00000 0.00000
23 -29.63060 -4.69300
24 -28.53170 -9.27050
25 -26.73020 -13.61970
26 -24.27050 -17.63360
27 -21.21320 -21.21320
28 -17.63360 -24.27050
29 -13.61970 -26.73020
30 -9.27050 -28.53170
31 -4.69300 -29.63070
32 0.00000 -30.00000
33 4.69300 -29.63060
34 9.27050 -28.53170
35 13.61970 -26.73020
36 17.63360 -24.27050
37 21.21320 -21.21320
38 24.27050 -17.63360
39 26.73020 -13.61970
40 28.53170 -9.27050
41 29.63070 -4.69300
42 60.00000 0.00000
43 59.26130 9.38610
44 57.06340 18.54100
45 53.46040 27.23940
46 48.54100 35.26710
47 42.42640 42.42640
48 35.26710 48.54100
49 27.23940 53.46040
50 18.54100 57.06340
51 9.38610 59.26130
52 0.00000 60.00000
53 -9.38610 59.26130
54 -18.54100 57.06340
55 -27.23940 53.46040
56 -35.26710 48.54100
57 -42.42640 42.42640
58 -48.54100 35.26710
59 -53.46040 27.23940
60 -57.06340 18.54100
61 -59.26130 9.38610
62 -60.00000 0.00000
63 -59.26130 -9.38610
64 -57.06340 -18.54100
65 -53.46040 -27.23940
66 -48.54100 -35.26710
67 -42.42640 -42.42640
68 -35.26710 -48.54100
69 -27.23940 -53.46040
70 -18.54100 -57.06340
71 -9.38610 -59.26130
72 0.00000 -60.00000
73 9.38610 -59.26130
74 18.54100 -57.06340
75 27.23940 -53.46040
76 35.26710 -48.54100
77 42.42640 -42.42640
78 48.54100 -35.26710
79 53.46040 -27.23940
80 57.06340 -18.54100
81 59.26130 -9.38610
82 90.00000 0.00000
83 88.89200 14.07910
84 85.59510 27.81150
85 80.19060 40.85910
86 72.81150 52.90070
87 63.63960 63.63960
88 52.90070 72.81150
89 40.85910 80.19060
90 27.81150 85.59510
91 14.07910 88.89200
92 0.00000 90.00000
93 -14.07910 88.89200
94 -27.81150 85.59510
95 -40.85910 80.19060
96 -52.90070 72.81150
97 -63.63960 63.63960
98 -72.81150 52.90070
99 -80.19060 40.85910
100 -85.59510 27.81150
101 -88.89200 14.07910
102 -90.00000 0.00000
103 -88.89200 -14.07910
104 -85.59510 -27.81150
105 -80.19060 -40.85920
106 -72.81150 -52.90070
107 -63.63960 -63.63960
108 -52.90070 -72.81150
109 -40.85910 -80.19060
110 -27.81150 -85.59510
111 -14.07910 -88.89200
112 0.00000 -90.00000
113 14.07910 -88.89200
114 27.81150 -85.59510
115 40.85920 -80.19060
116 52.90070 -72.81150
117 63.63960 -63.63960
118 72.81150 -52.90070
119 80.19060 -40.85910
120 85.59510 -27.81150
121 88.89200 -14.07910
122 120.00000 0.00000
123 118.52260 18.77210
124 114.12680 37.08200
125 106.92080 54.47890
126 97.08200 70.53420
127 84.85280 84.85280
128 70.53420 97.08200
129 54.47890 106.92080
130 37.08200 114.12680
131 18.77210 118.52260
132 0.00000 120.00000
133 -18.77210 118.52260
134 -37.08200 114.12680
135 -54.47890 106.92080
136 -70.53420 97.08200
137 -84.85280 84.85280
138 -97.08200 70.53420
139 -106.92080 54.47890
140 -114.12680 37.08200
141 -118.52260 18.77210
142 -120.00000 0.00000
143 -118.52260 -18.77210
144 -114.12680 -37.08210
145 -106.92080 -54.47890
146 -97.08200 -70.53420
147 -84.85280 -84.85280
148 -70.53420 -97.08200
149 -54.47880 -106.92080
150 -37.08200 -114.12680
151 -18.77210 -118.52260
152 0.00000 -120.00000
153 18.77220 -118.52260
154 37.08210 -114.12680
155 54.47890 -106.92080
156 70.53420 -97.08200
157 84.85280 -84.85280
158 97.08210 -70.53420
159 106.92080 -54.47880
160 114.12680 -37.08200
161 118.52260 -18.77210
162 150.00000 0.00000
163 148.15320 23.46520
164 142.65849 46.35260
165 133.65100 68.09860
166 121.35250 88.16780
167 106.06600 106.06600
168 88.16780 121.35260
169 68.09860 133.65100
170 46.35250 142.65849
171 23.46520 148.15331
172 0.00000 150.00000
173 -23.46520 148.15320
174 -46.35260 142.65849
175 -68.09860 133.65100
176 -88.16780 121.35250
177 -106.06600 106.06600
178 -121.35260 88.16780
179 -133.65100 68.09860
180 -142.65849 46.35250
181 -148.15331 23.46520
182 -150.00000 0.00000
183 -148.15320 -23.46520
184 -142.65849 -46.35260
185 -133.65100 -68.09860
186 -121.35250 -88.16780
187 -106.06600 -106.06600
188 -88.16780 -121.35260
189 -68.09860 -133.65100
190 -46.35250 -142.65849
191 -23.46520 -148.15331
192 0.00000 -150.00000
193 23.46520 -148.15320
194 46.35260 -142.65849
195 68.09860 -133.65100
196 88.16780 -121.35250
197 106.06600 -106.06600
198 121.35260 -88.16780
199 133.65100 -68.09860
200 142.65849 -46.35250
201 148.15331 -23.46510
202 180.00000 0.00000
203 177.78391 28.15820
204 171.19020 55.62310
205 160.38120 81.71830
206 145.62309 105.80130
207 127.27920 127.27920
208 105.80130 145.62309
209 81.71830 160.38120
210 55.62310 171.19020
211 28.15820 177.78391
212 0.00000 180.00000
213 -28.15820 177.78391
214 -55.62310 171.19020
215 -81.71830 160.38120
216 -105.80140 145.62300
217 -127.27920 127.27920
218 -145.62309 105.80130
219 -160.38120 81.71830
220 -171.19020 55.62300
221 -177.78391 28.15820
222 -180.00000 0.00000
223 -177.78391 -28.15820
224 -171.19020 -55.62310
225 -160.38120 -81.71830
226 -145.62300 -105.80140
227 -127.27920 -127.27920
228 -105.80130 -145.62309
229 -81.71830 -160.38120
230 -55.62300 -171.19020
231 -28.15820 -177.78391
232 0.00000 -180.00000
233 28.15820 -177.78391
234 55.62310 -171.19020
235 81.71830 -160.38120
236 105.80140 -145.62300
237 127.27920 -127.27920
238 145.62309 -105.80130
239 160.38120 -81.71830
240 171.19020 -55.62300
241 177.78391 -28.15820
242 210.00000 0.00000
243 207.41460 32.85120
244 199.72189 64.89360
245 187.11140 95.33800
246 169.89360 123.43490
247 148.49240 148.49240
248 123.43490 169.89360
249 95.33800 187.11140
250 64.89360 199.72189
251 32.85120 207.41460
252 0.00000 210.00000
253 -32.85120 207.41460
254 -64.89360 199.72189
255 -95.33800 187.11140
256 -123.43490 169.89360
257 -148.49240 148.49240
258 -169.89360 123.43490
259 -187.11140 95.33800
260 -199.72189 64.89360
261 -207.41460 32.85120
262 -210.00000 0.00000
263 -207.41460 -32.85130
264 -199.72189 -64.89360
265 -187.11140 -95.33800
266 -169.89360 -123.43490
267 -148.49240 -148.49240
268 -123.43490 -169.89360
269 -95.33800 -187.11140
270 -64.89350 -199.72189
271 -32.85120 -207.41460
272 0.00000 -210.00000
273 32.85130 -207.41460
274 64.89360 -199.72189
275 95.33800 -187.11140
276 123.43490 -169.89360
277 148.49240 -148.49240
278 169.89360 -123.43490
279 187.11140 -95.33800
280 199.72189 -64.89350
281 207.41460 -32.85120
282 240.00000 0.00000
283 237.04520 37.54430
284 228.25360 74.16410
285 213.84160 108.95770
286 194.16409 141.06850
287 169.70560 169.70560
288 141.06850 194.16409
289 108.95770 213.84160
290 74.16410 228.25360
291 37.54430 237.04520
292 0.00000 240.00000
293 -37.54430 237.04520
294 -74.16410 228.25360
295 -108.95770 213.84160
296 -141.06850 194.16409
297 -169.70560 169.70560
298 -194.16409 141.06850
299 -213.84160 108.95770
300 -228.25360 74.16410
301 -237.04520 37.54430
302 -240.00000 0.00000
303 -237.04520 -37.54430
304 -228.25360 -74.16410
305 -213.84160 -108.95770
306 -194.16409 -141.06850
307 -169.70560 -169.70560
308 -141.06841 -194.16409
309 -108.95770 -213.84160
310 -74.16400 -228.25360
311 -37.54420 -237.04520
312 0.00000 -240.00000
313 37.54430 -237.04520
314 74.16410 -228.25360
315 108.95770 -213.84160
316 141.06850 -194.16409
317 169.70570 -169.70560
318 194.16409 -141.06841
319 213.84160 -108.95770
320 228.25360 -74.16400
321 237.04520 -37.54420
322 270.00000 0.00000
323 266.67581 42.23730
324 256.78519 83.43460
325 240.57179 122.57740
326 218.43460 158.70200
327 190.91879 190.91879
328 158.70200 218.43460
329 122.57740 240.57179
330 83.43460 256.78519
331 42.23730 266.67581
332 0.00000 270.00000
333 -42.23730 266.67581
334 -83.43460 256.78519
335 -122.57740 240.57179
336 -158.70200 218.43460
337 -190.91879 190.91879
338 -218.43460 158.70200
339 -240.57179 122.57740
340 -256.78531 83.43460
341 -266.67581 42.23730
342 -270.00000 0.00000
343 -266.67581 -42.23730
344 -256.78519 -83.43460
345 -240.57170 -122.57750
346 -218.43460 -158.70200
347 -190.91879 -190.91890
348 -158.70200 -218.43460
349 -122.57740 -240.57179
350 -83.43460 -256.78531
351 -42.23730 -266.67581
352 0.00000 -270.00000
353 42.23730 -266.67581
354 83.43460 -256.78519
355 122.57750 -240.57170
356 158.70210 -218.43460
357 190.91890 -190.91879
358 218.43460 -158.70200
359 240.57179 -122.57740
360 256.78531 -83.43450
361 266.67590 -42.23730
362 300.00000 0.00000
363 296.30649 46.93030
364 285.31699 92.70510
365 267.30191 136.19720
366 242.70509 176.33560
367 212.13200 212.13200
368 176.33560 242.70509
369 136.19710 267.30200
370 92.70510 285.31699
371 46.93030 296.30649
372 0.00000 300.00000
373 -46.93040 296.30649
374 -92.70510 285.31699
375 -136.19720 267.30191
376 -176.33560 242.70509
377 -212.13200 212.13200
378 -242.70509 176.33560
379 -267.30200 136.19710
380 -285.31699 92.70510
381 -296.30649 46.93030
382 -300.00000 0.00000
383 -296.30649 -46.93040
384 -285.31699 -92.70510
385 -267.30191 -136.19720
386 -242.70509 -176.33560
387 -212.13200 -212.13210
388 -176.33549 -242.70509
389 -136.19710 -267.30200
390 -92.70510 -285.31699
391 -46.93030 -296.30649
392 0.00000 -300.00000
393 46.93040 -296.30649
394 92.70510 -285.31699
395 136.19720 -267.30191
396 176.33560 -242.70509
397 212.13210 -212.13200
398 242.70509 -176.33549
399 267.30200 -136.19710
400 285.31699 -92.70500
401 296.30649 -46.93030