1 0.00000 -15.00000
2 -1.00000 -14.00000
3 1.00000 -14.00000
4 -2.00000 -13.00000
5 0.00000 -13.00000
6 2.00000 -13.00000
7 -3.00000 -12.00000
8 -1.00000 -12.00000
9 1.00000 -12.00000
10 3.00000 -12.00000
11 -4.00000 -11.00000
12 -2.00000 -11.00000
13 0.00000 -11.00000
14 2.00000 -11.00000
15 4.00000 -11.00000
16 -5.00000 -10.00000
17 -3.00000 -10.00000
18 -1.00000 -10.00000
19 1.00000 -10.00000
20 3.00000 -10.00000
21 5.00000 -10.00000
22 -6.00000 -9.00000
23 -4.00000 -9.00000
24 -2.00000 -9.00000
25 0.00000 -9.00000
26 2.00000 -9.00000
27 4.00000 -9.00000
28 6.00000 -9.00000
29 -7.00000 -8.00000
30 -5.00000 -8.00000
31 -3.00000 -8.00000
32 -1.00000 -8.00000
33 1.00000 -8.00000
34 3.00000 -8.00000
35 5.00000 -8.00000
36 7.00000 -8.00000
37 -8.00000 -7.00000
38 -6.00000 -7.00000
39 -4.00000 -7.00000
40 -2.00000 -7.00000
41 0.00000 -7.00000
42 2.00000 -7.00000
43 4.00000 -7.00000
44 6.00000 -7.00000
45 8.00000 -7.00000
46 -9.00000 -6.00000
47 -7.00000 -6.00000
48 -5.00000 -6.00000
49 -3.00000 -6.00000
50 -1.00000 -6.00000
51 1.00000 -6.00000
52 3.00000 -6.00000
53 5.00000 -6.00000
54 7.00000 -6.00000
55 9.00000 -6.00000
56 -10.00000 -5.00000
57 -8.00000 -5.00000
58 -6.00000 -5.00000
59 -4.00000 -5.00000
60 -2.00000 -5.00000
61 0.00000 -5.00000
62 2.00000 -5.00000
63 4.00000 -5.00000
64 6.00000 -5.00000
65 8.00000 -5.00000
66 10.00000 -5.00000
67 -11.00000 -4.00000
68 -9.00000 -4.00000
69 -7.00000 -4.00000
70 -5.00000 -4.00000
71 -3.00000 -4.00000
72 -1.00000 -4.00000
73 1.00000 -4.00000
74 3.00000 -4.00000
75 5.00000 -4.00000
76 7.00000 -4.00000
77 9.00000 -4.00000
78 11.00000 -4.00000
79 -12.00000 -3.00000
80 -10.00000 -3.00000
81 -8.00000 -3.00000
82 -6.00000 -3.00000
83 -4.00000 -3.00000
84 -2.00000 -3.00000
85 0.00000 -3.00000
86 2.00000 -3.00000
87 4.00000 -3.00000
88 6.00000 -3.00000
89 8.00000 -3.00000
90 10.00000 -3.00000
91 12.00000 -3.00000
92 -13.00000 -2.00000
93 -11.00000 -2.00000
94 -9.00000 -2.00000
95 -7.00000 -2.00000
96 -5.00000 -2.00000
97 -3.00000 -2.00000
98 -1.00000 -2.00000
99 1.00000 -2.00000
100 3.00000 -2.00000
101 5.00000 -2.00000
102 7.00000 -2.00000
103 9.00000 -2.00000
104 11.00000 -2.00000
105 13.00000 -2.00000
106 -14.00000 -1.00000
107 -12.00000 -1.00000
108 -10.00000 -1.00000
109 -8.00000 -1.00000
110 -6.00000 -1.00000
111 -4.00000 -1.00000
112 -2.00000 -1.00000
113 0.00000 -1.00000
114 2.00000 -1.00000
115 4.00000 -1.00000
116 6.00000 -1.00000
117 8.00000 -1.00000
118 10.00000 -1.00000
119 12.00000 -1.00000
120 14.00000 -1.00000
121 -15.00000 0.00000
122 -13.00000 0.00000
123 -11.00000 0.00000
124 -9.00000 0.00000
125 -7.00000 0.00000
126 -5.00000 0.00000
127 -3.00000 0.00000
128 -1.00000 0.00000
129 1.00000 0.00000
130 3.00000 0.00000
131 5.00000 0.00000
132 7.00000 0.00000
133 9.00000 0.00000
134 11.00000 0.00000
135 13.00000 0.00000
136 15.00000 0.00000
137 -14.00000 1.00000
138 -12.00000 1.00000
139 -10.00000 1.00000
140 -8.00000 1.00000
141 -6.00000 1.00000
142 -4.00000 1.00000
143 -2.00000 1.00000
144 0.00000 1.00000
145 2.00000 1.00000
146 4.00000 1.00000
147 6.00000 1.00000
148 8.00000 1.00000
149 10.00000 1.00000
150 12.00000 1.00000
151 14.00000 1.00000
152 -13.00000 2.00000
153 -11.00000 2.00000
154 -9.00000 2.00000
155 -7.00000 2.00000
156 -5.00000 2.00000
157 -3.00000 2.00000
158 -1.00000 2.00000
159 1.00000 2.00000
160 3.00000 2.00000
161 5.00000 2.00000
162 7.00000 2.00000
163 9.00000 2.00000
164 11.00000 2.00000
165 13.00000 2.00000
166 -12.00000 3.00000
167 -10.00000 3.00000
168 -8.00000 3.00000
169 -6.00000 3.00000
170 -4.00000 3.00000
171 -2.00000 3.00000
172 0.00000 3.00000
173 2.00000 3.00000
174 4.00000 3.00000
175 6.00000 3.00000
176 8.00000 3.00000
177 10.00000 3.00000
178 12.00000 3.00000
179 -11.00000 4.00000
180 -9.00000 4.00000
181 -7.00000 4.00000
182 -5.00000 4.00000
183 -3.00000 4.00000
184 -1.00000 4.00000
185 1.00000 4.00000
186 3.00000 4.00000
187 5.00000 4.00000
188 7.00000 4.00000
189 9.00000 4.00000
190 11.00000 4.00000
191 -10.00000 5.00000
192 -8.00000 5.00000
193 -6.00000 5.00000
194 -4.00000 5.00000
195 -2.00000 5.00000
196 0.00000 5.00000
197 2.00000 5.00000
198 4.00000 5.00000
199 6.00000 5.00000
200 8.00000 5.00000
201 10.00000 5.00000
202 -9.00000 6.00000
203 -7.00000 6.00000
204 -5.00000 6.00000
205 -3.00000 6.00000
206 -1.00000 6.00000
207 1.00000 6.00000
208 3.00000 6.00000
209 5.00000 6.00000
210 7.00000 6.00000
211 9.00000 6.00000
212 -8.00000 7.00000
213 -6.00000 7.00000
214 -4.00000 7.00000
215 -2.00000 7.00000
216 0.00000 7.00000
217 2.00000 7.00000
218 4.00000 7.00000
219 6.00000 7.00000
220 8.00000 7.00000
221 -7.00000 8.00000
222 -5.00000 8.00000
223 -3.00000 8.00000
224 -1.00000 8.00000
225 1.00000 8.00000
226 3.00000 8.00000
227 5.00000 8.00000
228 7.00000 8.00000
229 -6.00000 9.00000
230 -4.00000 9.00000
231 -2.00000 9.00000
232 0.00000 9.00000
233 2.00000 9.00000
234 4.00000 9.00000
235 6.00000 9.00000
236 -5.00000 10.00000
237 -3.00000 10.00000
238 -1.00000 10.00000
239 1.00000 10.00000
240 3.00000 10.00000
241 5.00000 10.00000
242 -4.00000 11.00000
243 -2.00000 11.00000
244 0.00000 11.00000
245 2.00000 11.00000
246 4.00000 11.00000
247 -3.00000 12.00000
248 -1.00000 12.00000
249 1.00000 12.00000
250 3.00000 12.00000
251 -2.00000 13.00000
252 0.00000 13.00000
253 2.00000 13.00000
254 -1.00000 14.00000
255 1.00000 14.00000
256 0.00000 15.00000