1 0.00000 0.00000
2 30.00000 0.00000
3 29.69460 4.26940
4 28.78480 8.45200
5 27.28900 12.46250
6 25.23760 16.21920
7 22.67250 19.64580
8 19.64580 22.67250
9 16.21920 25.23760
10 12.46240 27.28900
11 8.45200 28.78480
12 4.26940 29.69460
13 0.00000 30.00000
14 -4.26940 29.69460
15 -8.45200 28.78480
16 -12.46250 27.28900
17 -16.21920 25.23760
18 -19.64580 22.67250
19 -22.67250 19.64580
20 -25.23760 16.21920
21 -27.28900 12.46240
22 -28.78480 8.45200
23 -29.69460 4.26940
24 -30.00000 0.00000
25 -29.69460 -4.26940
26 -28.78480 -8.45200
27 -27.28900 -12.46250
28 -25.23760 -16.21920
29 -22.67250 -19.64580
30 -19.64580 -22.67250
31 -16.21920 -25.23760
32 -12.46240 -27.28900
33 -8.45200 -28.78480
34 -4.26940 -29.69460
35 0.00000 -30.00000
36 4.26940 -29.69460
37 8.45200 -28.78480
38 12.46250 -27.28900
39 16.21920 -25.23760
40 19.64580 -22.67250
41 22.67250 -19.64580
42 25.23760 -16.21920
43 27.28900 -12.46240
44 28.78480 -8.45200
45 29.69460 -4.26940
46 60.00000 0.00000
47 59.38930 8.53890
48 57.56960 16.90400
49 54.57790 24.92490
50 50.47520 32.43840
51 45.34500 39.29160
52 39.29160 45.34500
53 32.43840 50.47520
54 24.92490 54.57790
55 16.90400 57.56960
56 8.53890 59.38930
57 0.00000 60.00000
58 -8.53890 59.38930
59 -16.90400 57.56960
60 -24.92490 54.57790
61 -32.43850 50.47520
62 -39.29160 45.34500
63 -45.34500 39.29160
64 -50.47520 32.43840
65 -54.57790 24.92490
66 -57.56960 16.90390
67 -59.38930 8.53890
68 -60.00000 0.00000
69 -59.38930 -8.53890
70 -57.56960 -16.90400
71 -54.57790 -24.92490
72 -50.47520 -32.43850
73 -45.34500 -39.29160
74 -39.29160 -45.34500
75 -32.43840 -50.47520
76 -24.92490 -54.57790
77 -16.90390 -57.56960
78 -8.53890 -59.38930
79 0.00000 -60.00000
80 8.53890 -59.38930
81 16.90400 -57.56960
82 24.92490 -54.57790
83 32.43850 -50.47520
84 39.29170 -45.34500
85 45.34500 -39.29160
86 50.47520 -32.43840
87 54.57790 -24.92490
88 57.56960 -16.90390
89 59.38930 -8.53890
90 90.00000 0.00000
91 89.08390 12.80830
92 86.35440 25.35590
93 81.86690 37.38740
94 75.71280 48.65770
95 68.01750 58.93750
96 58.93750 68.01750
97 48.65770 75.71280
98 37.38730 81.86690
99 25.35590 86.35440
100 12.80830 89.08390
101 0.00000 90.00000
102 -12.80830 89.08390
103 -25.35590 86.35440
104 -37.38740 81.86690
105 -48.65770 75.71280
106 -58.93750 68.01750
107 -68.01750 58.93750
108 -75.71280 48.65770
109 -81.86690 37.38730
110 -86.35440 25.35590
111 -89.08390 12.80830
112 -90.00000 0.00000
113 -89.08390 -12.80830
114 -86.35440 -25.35590
115 -81.86690 -37.38740
116 -75.71280 -48.65770
117 -68.01750 -58.93750
118 -58.93750 -68.01750
119 -48.65770 -75.71280
120 -37.38730 -81.86690
121 -25.35590 -86.35440
122 -12.80830 -89.08390
123 0.00000 -90.00000
124 12.80830 -89.08390
125 25.35590 -86.35440
126 37.38740 -81.86690
127 48.65770 -75.71280
128 58.93750 -68.01750
129 68.01750 -58.93750
130 75.71280 -48.65770
131 81.86690 -37.38730
132 86.35440 -25.35590
133 89.08390 -12.80830
134 120.00000 0.00000
135 118.77860 17.07780
136 115.13920 33.80790
137 109.15580 49.84980
138 100.95040 64.87690
139 90.68990 78.58330
140 78.58330 90.68990
141 64.87690 100.95040
142 49.84980 109.15580
143 33.80790 115.13920
144 17.07780 118.77860
145 0.00000 120.00000
146 -17.07780 118.77860
147 -33.80790 115.13920
148 -49.84980 109.15580
149 -64.87690 100.95040
150 -78.58330 90.68990
151 -90.69000 78.58330
152 -100.95040 64.87690
153 -109.15580 49.84980
154 -115.13920 33.80790
155 -118.77860 17.07780
156 -120.00000 0.00000
157 -118.77860 -17.07780
158 -115.13920 -33.80790
159 -109.15580 -49.84980
160 -100.95040 -64.87690
161 -90.68990 -78.58330
162 -78.58330 -90.69000
163 -64.87690 -100.95040
164 -49.84980 -109.15580
165 -33.80790 -115.13920
166 -17.07780 -118.77860
167 0.00000 -120.00000
168 17.07780 -118.77860
169 33.80790 -115.13920
170 49.84980 -109.15580
171 64.87690 -100.95040
172 78.58330 -90.68990
173 90.69000 -78.58330
174 100.95040 -64.87690
175 109.15580 -49.84980
176 115.13920 -33.80790
177 118.77860 -17.07780
178 150.00000 0.00000
179 148.47321 21.34720
180 143.92400 42.25990
181 136.44479 62.31230
182 126.18800 81.09610
183 113.36240 98.22910
184 98.22910 113.36240
185 81.09610 126.18800
186 62.31220 136.44479
187 42.25990 143.92400
188 21.34720 148.47321
189 0.00000 150.00000
190 -21.34720 148.47321
191 -42.25990 143.92400
192 -62.31230 136.44479
193 -81.09610 126.18800
194 -98.22910 113.36240
195 -113.36240 98.22910
196 -126.18800 81.09610
197 -136.44479 62.31220
198 -143.92400 42.25990
199 -148.47321 21.34720
200 -150.00000 0.00000
201 -148.47321 -21.34720
202 -143.92390 -42.25990
203 -136.44479 -62.31230
204 -126.18800 -81.09610
205 -113.36240 -98.22910
206 -98.22910 -113.36240
207 -81.09610 -126.18800
208 -62.31220 -136.44479
209 -42.25990 -143.92400
210 -21.34720 -148.47321
211 0.00000 -150.00000
212 21.34720 -148.47321
213 42.25990 -143.92390
214 62.31230 -136.44479
215 81.09610 -126.18800
216 98.22910 -113.36240
217 113.36240 -98.22910
218 126.18800 -81.09610
219 136.44479 -62.31220
220 143.92400 -42.25990
221 148.47321 -21.34720
222 180.00000 0.00000
223 178.16789 25.61670
224 172.70869 50.71190
225 163.73380 74.77470
226 151.42560 97.31530
227 136.03490 117.87490
228 117.87490 136.03490
229 97.31530 151.42560
230 74.77470 163.73380
231 50.71190 172.70869
232 25.61670 178.16789
233 0.00000 180.00000
234 -25.61670 178.16789
235 -50.71190 172.70869
236 -74.77470 163.73370
237 -97.31540 151.42560
238 -117.87490 136.03490
239 -136.03490 117.87490
240 -151.42560 97.31530
241 -163.73380 74.77470
242 -172.70869 50.71180
243 -178.16789 25.61670
244 -180.00000 0.00000
245 -178.16789 -25.61670
246 -172.70869 -50.71190
247 -163.73370 -74.77470
248 -151.42560 -97.31540
249 -136.03490 -117.87490
250 -117.87490 -136.03490
251 -97.31530 -151.42560
252 -74.77470 -163.73380
253 -50.71180 -172.70869
254 -25.61660 -178.16789
255 0.00000 -180.00000
256 25.61670 -178.16789
257 50.71190 -172.70869
258 74.77470 -163.73370
259 97.31540 -151.42560
260 117.87500 -136.03490
261 136.03490 -117.87490
262 151.42560 -97.31530
263 163.73380 -74.77470
264 172.70869 -50.71180
265 178.16789 -25.61660
266 210.00000 0.00000
267 207.86250 29.88610
268 201.49350 59.16380
269 191.02271 87.23720
270 176.66319 113.53460
271 158.70740 137.52080
272 137.52080 158.70740
273 113.53460 176.66319
274 87.23710 191.02271
275 59.16380 201.49350
276 29.88610 207.86250
277 0.00000 210.00000
278 -29.88610 207.86250
279 -59.16380 201.49350
280 -87.23720 191.02271
281 -113.53460 176.66319
282 -137.52080 158.70740
283 -158.70740 137.52071
284 -176.66330 113.53460
285 -191.02271 87.23710
286 -201.49350 59.16380
287 -207.86250 29.88610
288 -210.00000 0.00000
289 -207.86250 -29.88610
290 -201.49350 -59.16390
291 -191.02271 -87.23720
292 -176.66319 -113.53460
293 -158.70740 -137.52080
294 -137.52071 -158.70740
295 -113.53460 -176.66330
296 -87.23710 -191.02271
297 -59.16380 -201.49350
298 -29.88610 -207.86250
299 0.00000 -210.00000
300 29.88610 -207.86250
301 59.16390 -201.49350
302 87.23720 -191.02271
303 113.53460 -176.66319
304 137.52080 -158.70740
305 158.70740 -137.52071
306 176.66330 -113.53450
307 191.02271 -87.23710
308 201.49350 -59.16380
309 207.86250 -29.88610
310 240.00000 0.00000
311 237.55710 34.15560
312 230.27831 67.61580
313 218.31171 99.69960
314 201.90080 129.75380
315 181.37990 157.16660
316 157.16660 181.37990
317 129.75380 201.90080
318 99.69960 218.31171
319 67.61580 230.27831
320 34.15560 237.55710
321 0.00000 240.00000
322 -34.15560 237.55710
323 -67.61580 230.27831
324 -99.69960 218.31171
325 -129.75380 201.90080
326 -157.16660 181.37990
327 -181.37990 157.16660
328 -201.90089 129.75380
329 -218.31171 99.69960
330 -230.27831 67.61580
331 -237.55710 34.15550
332 -240.00000 0.00000
333 -237.55710 -34.15560
334 -230.27831 -67.61580
335 -218.31171 -99.69960
336 -201.90080 -129.75380
337 -181.37990 -157.16660
338 -157.16650 -181.37990
339 -129.75380 -201.90089
340 -99.69960 -218.31171
341 -67.61580 -230.27831
342 -34.15550 -237.55710
343 0.00000 -240.00000
344 34.15560 -237.55710
345 67.61580 -230.27831
346 99.69960 -218.31171
347 129.75380 -201.90080
348 157.16660 -181.37990
349 181.37990 -157.16650
350 201.90089 -129.75380
351 218.31171 -99.69960
352 230.27831 -67.61580
353 237.55721 -34.15550
354 270.00000 0.00000
355 267.25180 38.42500
356 259.06311 76.06780
357 245.60060 112.16210
358 227.13850 145.97301
359 204.05240 176.81239
360 176.81239 204.05240
361 145.97301 227.13850
362 112.16200 245.60060
363 76.06780 259.06311
364 38.42500 267.25180
365 0.00000 270.00000
366 -38.42500 267.25180
367 -76.06780 259.06311
368 -112.16210 245.60060
369 -145.97301 227.13840
370 -176.81239 204.05240
371 -204.05240 176.81239
372 -227.13850 145.97301
373 -245.60060 112.16200
374 -259.06311 76.06780
375 -267.25180 38.42500
376 -270.00000 0.00000
377 -267.25180 -38.42500
378 -259.06311 -76.06780
379 -245.60060 -112.16210
380 -227.13840 -145.97301
381 -204.05240 -176.81239
382 -176.81239 -204.05240
383 -145.97301 -227.13850
384 -112.16200 -245.60060
385 -76.06780 -259.06311
386 -38.42500 -267.25180
387 0.00000 -270.00000
388 38.42500 -267.25180
389 76.06780 -259.06311
390 112.16210 -245.60060
391 145.97310 -227.13840
392 176.81239 -204.05240
393 204.05240 -176.81239
394 227.13850 -145.97301
395 245.60069 -112.16200
396 259.06311 -76.06770
397 267.25180 -38.42500
398 300.00000 0.00000
399 296.94641 42.69450
400 287.84790 84.51980
401 272.88959 124.62450
402 252.37610 162.19220
403 226.72490 196.45821
404 196.45821 226.72490
405 162.19220 252.37610
406 124.62450 272.88959
407 84.51980 287.84790
408 42.69440 296.94641
409 0.00000 300.00000
410 -42.69450 296.94641
411 -84.51980 287.84790
412 -124.62450 272.88959
413 -162.19231 252.37610
414 -196.45821 226.72490
415 -226.72490 196.45821
416 -252.37610 162.19220
417 -272.88959 124.62450
418 -287.84790 84.51970
419 -296.94641 42.69440
420 -300.00000 0.00000
421 -296.94641 -42.69450
422 -287.84790 -84.51980
423 -272.88959 -124.62450
424 -252.37601 -162.19231
425 -226.72490 -196.45830
426 -196.45821 -226.72490
427 -162.19220 -252.37610
428 -124.62450 -272.88959
429 -84.51970 -287.84790
430 -42.69440 -296.94641
431 0.00000 -300.00000
432 42.69450 -296.94641
433 84.51980 -287.84790
434 124.62450 -272.88959
435 162.19231 -252.37601
436 196.45830 -226.72479
437 226.72490 -196.45821
438 252.37610 -162.19220
439 272.88959 -124.62450
440 287.84790 -84.51970
441 296.94641 -42.69440