1 0.00000 0.00000
2 30.00000 0.00000
3 29.54420 5.20940
4 28.19080 10.26060
5 25.98080 15.00000
6 22.98130 19.28360
7 19.28360 22.98130
8 15.00000 25.98080
9 10.26060 28.19080
10 5.20940 29.54420
11 0.00000 30.00000
12 -5.20940 29.54420
13 -10.26060 28.19080
14 -15.00000 25.98080
15 -19.28360 22.98130
16 -22.98130 19.28360
17 -25.98080 15.00000
18 -28.19080 10.26060
19 -29.54420 5.20940
20 -30.00000 0.00000
21 -29.54420 -5.20940
22 -28.19080 -10.26060
23 -25.98080 -15.00000
24 -22.98130 -19.28360
25 -19.28360 -22.98130
26 -15.00000 -25.98080
27 -10.26060 -28.19080
28 -5.20940 -29.54420
29 0.00000 -30.00000
30 5.20940 -29.54420
31 10.26060 -28.19080
32 15.00000 -25.98080
33 19.28360 -22.98130
34 22.98130 -19.28360
35 25.98080 -15.00000
36 28.19080 -10.26060
37 29.54420 -5.20940
38 60.00000 0.00000
39 59.08850 10.41890
40 56.38160 20.52120
41 51.96150 30.00000
42 45.96270 38.56730
43 38.56730 45.96270
44 30.00000 51.96150
45 20.52120 56.38160
46 10.41890 59.08850
47 0.00000 60.00000
48 -10.41890 59.08850
49 -20.52120 56.38160
50 -30.00000 51.96150
51 -38.56730 45.96270
52 -45.96270 38.56730
53 -51.96150 30.00000
54 -56.38160 20.52120
55 -59.08850 10.41890
56 -60.00000 0.00000
57 -59.08850 -10.41890
58 -56.38160 -20.52120
59 -51.96150 -30.00000
60 -45.96270 -38.56730
61 -38.56730 -45.96270
62 -30.00000 -51.96150
63 -20.52120 -56.38160
64 -10.41890 -59.08850
65 0.00000 -60.00000
66 10.41890 -59.08850
67 20.52120 -56.38160
68 30.00000 -51.96150
69 38.56730 -45.96270
70 45.96270 -38.56720
71 51.96150 -30.00000
72 56.38160 -20.52120
73 59.08850 -10.41890
74 90.00000 0.00000
75 88.63270 15.62830
76 84.57230 30.78180
77 77.94230 45.00000
78 68.94400 57.85090
79 57.85090 68.94400
80 45.00000 77.94230
81 30.78180 84.57230
82 15.62830 88.63270
83 0.00000 90.00000
84 -15.62830 88.63270
85 -30.78180 84.57230
86 -45.00000 77.94230
87 -57.85090 68.94400
88 -68.94400 57.85090
89 -77.94230 45.00000
90 -84.57230 30.78180
91 -88.63270 15.62830
92 -90.00000 0.00000
93 -88.63270 -15.62830
94 -84.57230 -30.78180
95 -77.94230 -45.00000
96 -68.94400 -57.85090
97 -57.85090 -68.94400
98 -45.00000 -77.94230
99 -30.78180 -84.57230
100 -15.62830 -88.63270
101 0.00000 -90.00000
102 15.62830 -88.63270
103 30.78180 -84.57230
104 45.00000 -77.94230
105 57.85090 -68.94400
106 68.94400 -57.85090
107 77.94230 -45.00000
108 84.57230 -30.78180
109 88.63270 -15.62830
110 120.00000 0.00000
111 118.17690 20.83780
112 112.76310 41.04240
113 103.92300 60.00000
114 91.92530 77.13450
115 77.13450 91.92530
116 60.00000 103.92300
117 41.04240 112.76310
118 20.83780 118.17690
119 0.00000 120.00000
120 -20.83780 118.17690
121 -41.04240 112.76310
122 -60.00000 103.92300
123 -77.13450 91.92530
124 -91.92530 77.13450
125 -103.92300 60.00000
126 -112.76310 41.04240
127 -118.17690 20.83780
128 -120.00000 0.00000
129 -118.17690 -20.83780
130 -112.76310 -41.04240
131 -103.92300 -60.00000
132 -91.92530 -77.13450
133 -77.13450 -91.92530
134 -60.00000 -103.92310
135 -41.04240 -112.76310
136 -20.83780 -118.17690
137 0.00000 -120.00000
138 20.83780 -118.17690
139 41.04240 -112.76310
140 60.00000 -103.92300
141 77.13450 -91.92530
142 91.92530 -77.13450
143 103.92310 -60.00000
144 112.76310 -41.04240
145 118.17690 -20.83780
146 150.00000 0.00000
147 147.72121 26.04720
148 140.95390 51.30300
149 129.90379 75.00000
150 114.90670 96.41810
151 96.41810 114.90670
152 75.00000 129.90379
153 51.30300 140.95390
154 26.04720 147.72121
155 0.00000 150.00000
156 -26.04720 147.72121
157 -51.30300 140.95390
158 -75.00000 129.90379
159 -96.41820 114.90670
160 -114.90670 96.41810
161 -129.90379 75.00000
162 -140.95390 51.30300
163 -147.72121 26.04720
164 -150.00000 0.00000
165 -147.72121 -26.04720
166 -140.95390 -51.30300
167 -129.90379 -75.00000
168 -114.90670 -96.41820
169 -96.41810 -114.90670
170 -75.00000 -129.90379
171 -51.30300 -140.95390
172 -26.04720 -147.72121
173 0.00000 -150.00000
174 26.04720 -147.72121
175 51.30300 -140.95390
176 75.00000 -129.90379
177 96.41820 -114.90670
178 114.90670 -96.41810
179 129.90379 -75.00000
180 140.95390 -51.30300
181 147.72121 -26.04720
182 180.00000 0.00000
183 177.26540 31.25670
184 169.14470 61.56360
185 155.88460 90.00000
186 137.88800 115.70180
187 115.70180 137.88800
188 90.00000 155.88460
189 61.56360 169.14470
190 31.25670 177.26540
191 0.00000 180.00000
192 -31.25670 177.26540
193 -61.56360 169.14470
194 -90.00000 155.88460
195 -115.70180 137.88800
196 -137.88800 115.70180
197 -155.88460 90.00000
198 -169.14470 61.56360
199 -177.26540 31.25670
200 -180.00000 0.00000
201 -177.26540 -31.25670
202 -169.14470 -61.56360
203 -155.88460 -90.00000
204 -137.88800 -115.70180
205 -115.70180 -137.88800
206 -90.00000 -155.88460
207 -61.56360 -169.14470
208 -31.25660 -177.26540
209 0.00000 -180.00000
210 31.25670 -177.26540
211 61.56360 -169.14470
212 90.00000 -155.88460
213 115.70180 -137.88800
214 137.88800 -115.70180
215 155.88460 -90.00000
216 169.14470 -61.56360
217 177.26540 -31.25660
218 210.00000 0.00000
219 206.80960 36.46610
220 197.33540 71.82420
221 181.86530 105.00000
222 160.86929 134.98540
223 134.98540 160.86929
224 105.00000 181.86530
225 71.82420 197.33540
226 36.46610 206.80960
227 0.00000 210.00000
228 -36.46610 206.80960
229 -71.82420 197.33540
230 -105.00000 181.86530
231 -134.98540 160.86929
232 -160.86929 134.98540
233 -181.86530 105.00000
234 -197.33540 71.82420
235 -206.80960 36.46610
236 -210.00000 0.00000
237 -206.80960 -36.46610
238 -197.33540 -71.82420
239 -181.86530 -105.00000
240 -160.86929 -134.98540
241 -134.98540 -160.86940
242 -105.00000 -181.86530
243 -71.82420 -197.33549
244 -36.46610 -206.80960
245 0.00000 -210.00000
246 36.46610 -206.80960
247 71.82430 -197.33540
248 105.00000 -181.86530
249 134.98540 -160.86929
250 160.86940 -134.98540
251 181.86540 -105.00000
252 197.33549 -71.82420
253 206.80960 -36.46610
254 240.00000 0.00000
255 236.35390 41.67560
256 225.52620 82.08480
257 207.84610 120.00000
258 183.85069 154.26900
259 154.26900 183.85069
260 120.00000 207.84610
261 82.08480 225.52620
262 41.67560 236.35390
263 0.00000 240.00000
264 -41.67560 236.35390
265 -82.08480 225.52620
266 -120.00000 207.84610
267 -154.26900 183.85069
268 -183.85069 154.26900
269 -207.84610 120.00000
270 -225.52620 82.08480
271 -236.35390 41.67550
272 -240.00000 0.00000
273 -236.35390 -41.67560
274 -225.52620 -82.08490
275 -207.84610 -120.00000
276 -183.85060 -154.26900
277 -154.26900 -183.85069
278 -120.00000 -207.84610
279 -82.08480 -225.52620
280 -41.67550 -236.35390
281 0.00000 -240.00000
282 41.67560 -236.35390
283 82.08490 -225.52620
284 120.00000 -207.84610
285 154.26910 -183.85060
286 183.85069 -154.26900
287 207.84610 -120.00000
288 225.52620 -82.08480
289 236.35390 -41.67550
290 270.00000 0.00000
291 265.89810 46.88500
292 253.71700 92.34540
293 233.82690 135.00000
294 206.83200 173.55270
295 173.55260 206.83200
296 135.00000 233.82690
297 92.34540 253.71700
298 46.88500 265.89810
299 0.00000 270.00000
300 -46.88500 265.89810
301 -92.34550 253.71700
302 -135.00000 233.82690
303 -173.55270 206.83200
304 -206.83200 173.55260
305 -233.82690 135.00000
306 -253.71700 92.34540
307 -265.89810 46.88500
308 -270.00000 0.00000
309 -265.89810 -46.88500
310 -253.71700 -92.34550
311 -233.82680 -135.00000
312 -206.83200 -173.55270
313 -173.55260 -206.83200
314 -135.00000 -233.82690
315 -92.34540 -253.71700
316 -46.88500 -265.89810
317 0.00000 -270.00000
318 46.88500 -265.89810
319 92.34550 -253.71700
320 135.00000 -233.82680
321 173.55270 -206.83200
322 206.83200 -173.55260
323 233.82690 -135.00000
324 253.71700 -92.34540
325 265.89810 -46.88500
326 300.00000 0.00000
327 295.44229 52.09450
328 281.90781 102.60600
329 259.80759 150.00000
330 229.81329 192.83630
331 192.83630 229.81329
332 150.00000 259.80759
333 102.60600 281.90781
334 52.09440 295.44229
335 0.00000 300.00000
336 -52.09450 295.44229
337 -102.60610 281.90781
338 -150.00000 259.80759
339 -192.83630 229.81329
340 -229.81329 192.83630
341 -259.80759 150.00000
342 -281.90781 102.60600
343 -295.44229 52.09440
344 -300.00000 0.00000
345 -295.44229 -52.09450
346 -281.90781 -102.60610
347 -259.80759 -150.00000
348 -229.81329 -192.83630
349 -192.83630 -229.81340
350 -150.00000 -259.80759
351 -102.60600 -281.90781
352 -52.09440 -295.44229
353 0.00000 -300.00000
354 52.09450 -295.44229
355 102.60610 -281.90781
356 150.00000 -259.80759
357 192.83630 -229.81329
358 229.81340 -192.83620
359 259.80759 -150.00000
360 281.90781 -102.60600
361 295.44229 -52.09440