1 0.00000 -21.00000
2 -1.00000 -20.00000
3 1.00000 -20.00000
4 -2.00000 -19.00000
5 0.00000 -19.00000
6 2.00000 -19.00000
7 -3.00000 -18.00000
8 -1.00000 -18.00000
9 1.00000 -18.00000
10 3.00000 -18.00000
11 -4.00000 -17.00000
12 -2.00000 -17.00000
13 0.00000 -17.00000
14 2.00000 -17.00000
15 4.00000 -17.00000
16 -5.00000 -16.00000
17 -3.00000 -16.00000
18 -1.00000 -16.00000
19 1.00000 -16.00000
20 3.00000 -16.00000
21 5.00000 -16.00000
22 -6.00000 -15.00000
23 -4.00000 -15.00000
24 -2.00000 -15.00000
25 0.00000 -15.00000
26 2.00000 -15.00000
27 4.00000 -15.00000
28 6.00000 -15.00000
29 -7.00000 -14.00000
30 -5.00000 -14.00000
31 -3.00000 -14.00000
32 -1.00000 -14.00000
33 1.00000 -14.00000
34 3.00000 -14.00000
35 5.00000 -14.00000
36 7.00000 -14.00000
37 -8.00000 -13.00000
38 -6.00000 -13.00000
39 -4.00000 -13.00000
40 -2.00000 -13.00000
41 0.00000 -13.00000
42 2.00000 -13.00000
43 4.00000 -13.00000
44 6.00000 -13.00000
45 8.00000 -13.00000
46 -9.00000 -12.00000
47 -7.00000 -12.00000
48 -5.00000 -12.00000
49 -3.00000 -12.00000
50 -1.00000 -12.00000
51 1.00000 -12.00000
52 3.00000 -12.00000
53 5.00000 -12.00000
54 7.00000 -12.00000
55 9.00000 -12.00000
56 -10.00000 -11.00000
57 -8.00000 -11.00000
58 -6.00000 -11.00000
59 -4.00000 -11.00000
60 -2.00000 -11.00000
61 0.00000 -11.00000
62 2.00000 -11.00000
63 4.00000 -11.00000
64 6.00000 -11.00000
65 8.00000 -11.00000
66 10.00000 -11.00000
67 -11.00000 -10.00000
68 -9.00000 -10.00000
69 -7.00000 -10.00000
70 -5.00000 -10.00000
71 -3.00000 -10.00000
72 -1.00000 -10.00000
73 1.00000 -10.00000
74 3.00000 -10.00000
75 5.00000 -10.00000
76 7.00000 -10.00000
77 9.00000 -10.00000
78 11.00000 -10.00000
79 -12.00000 -9.00000
80 -10.00000 -9.00000
81 -8.00000 -9.00000
82 -6.00000 -9.00000
83 -4.00000 -9.00000
84 -2.00000 -9.00000
85 0.00000 -9.00000
86 2.00000 -9.00000
87 4.00000 -9.00000
88 6.00000 -9.00000
89 8.00000 -9.00000
90 10.00000 -9.00000
91 12.00000 -9.00000
92 -13.00000 -8.00000
93 -11.00000 -8.00000
94 -9.00000 -8.00000
95 -7.00000 -8.00000
96 -5.00000 -8.00000
97 -3.00000 -8.00000
98 -1.00000 -8.00000
99 1.00000 -8.00000
100 3.00000 -8.00000
101 5.00000 -8.00000
102 7.00000 -8.00000
103 9.00000 -8.00000
104 11.00000 -8.00000
105 13.00000 -8.00000
106 -14.00000 -7.00000
107 -12.00000 -7.00000
108 -10.00000 -7.00000
109 -8.00000 -7.00000
110 -6.00000 -7.00000
111 -4.00000 -7.00000
112 -2.00000 -7.00000
113 0.00000 -7.00000
114 2.00000 -7.00000
115 4.00000 -7.00000
116 6.00000 -7.00000
117 8.00000 -7.00000
118 10.00000 -7.00000
119 12.00000 -7.00000
120 14.00000 -7.00000
121 -15.00000 -6.00000
122 -13.00000 -6.00000
123 -11.00000 -6.00000
124 -9.00000 -6.00000
125 -7.00000 -6.00000
126 -5.00000 -6.00000
127 -3.00000 -6.00000
128 -1.00000 -6.00000
129 1.00000 -6.00000
130 3.00000 -6.00000
131 5.00000 -6.00000
132 7.00000 -6.00000
133 9.00000 -6.00000
134 11.00000 -6.00000
135 13.00000 -6.00000
136 15.00000 -6.00000
137 -16.00000 -5.00000
138 -14.00000 -5.00000
139 -12.00000 -5.00000
140 -10.00000 -5.00000
141 -8.00000 -5.00000
142 -6.00000 -5.00000
143 -4.00000 -5.00000
144 -2.00000 -5.00000
145 0.00000 -5.00000
146 2.00000 -5.00000
147 4.00000 -5.00000
148 6.00000 -5.00000
149 8.00000 -5.00000
150 10.00000 -5.00000
151 12.00000 -5.00000
152 14.00000 -5.00000
153 16.00000 -5.00000
154 -17.00000 -4.00000
155 -15.00000 -4.00000
156 -13.00000 -4.00000
157 -11.00000 -4.00000
158 -9.00000 -4.00000
159 -7.00000 -4.00000
160 -5.00000 -4.00000
161 -3.00000 -4.00000
162 -1.00000 -4.00000
163 1.00000 -4.00000
164 3.00000 -4.00000
165 5.00000 -4.00000
166 7.00000 -4.00000
167 9.00000 -4.00000
168 11.00000 -4.00000
169 13.00000 -4.00000
170 15.00000 -4.00000
171 17.00000 -4.00000
172 -18.00000 -3.00000
173 -16.00000 -3.00000
174 -14.00000 -3.00000
175 -12.00000 -3.00000
176 -10.00000 -3.00000
177 -8.00000 -3.00000
178 -6.00000 -3.00000
179 -4.00000 -3.00000
180 -2.00000 -3.00000
181 0.00000 -3.00000
182 2.00000 -3.00000
183 4.00000 -3.00000
184 6.00000 -3.00000
185 8.00000 -3.00000
186 10.00000 -3.00000
187 12.00000 -3.00000
188 14.00000 -3.00000
189 16.00000 -3.00000
190 18.00000 -3.00000
191 -19.00000 -2.00000
192 -17.00000 -2.00000
193 -15.00000 -2.00000
194 -13.00000 -2.00000
195 -11.00000 -2.00000
196 -9.00000 -2.00000
197 -7.00000 -2.00000
198 -5.00000 -2.00000
199 -3.00000 -2.00000
200 -1.00000 -2.00000
201 1.00000 -2.00000
202 3.00000 -2.00000
203 5.00000 -2.00000
204 7.00000 -2.00000
205 9.00000 -2.00000
206 11.00000 -2.00000
207 13.00000 -2.00000
208 15.00000 -2.00000
209 17.00000 -2.00000
210 19.00000 -2.00000
211 -20.00000 -1.00000
212 -18.00000 -1.00000
213 -16.00000 -1.00000
214 -14.00000 -1.00000
215 -12.00000 -1.00000
216 -10.00000 -1.00000
217 -8.00000 -1.00000
218 -6.00000 -1.00000
219 -4.00000 -1.00000
220 -2.00000 -1.00000
221 0.00000 -1.00000
222 2.00000 -1.00000
223 4.00000 -1.00000
224 6.00000 -1.00000
225 8.00000 -1.00000
226 10.00000 -1.00000
227 12.00000 -1.00000
228 14.00000 -1.00000
229 16.00000 -1.00000
230 18.00000 -1.00000
231 20.00000 -1.00000
232 -21.00000 0.00000
233 -19.00000 0.00000
234 -17.00000 0.00000
235 -15.00000 0.00000
236 -13.00000 0.00000
237 -11.00000 0.00000
238 -9.00000 0.00000
239 -7.00000 0.00000
240 -5.00000 0.00000
241 -3.00000 0.00000
242 -1.00000 0.00000
243 1.00000 0.00000
244 3.00000 0.00000
245 5.00000 0.00000
246 7.00000 0.00000
247 9.00000 0.00000
248 11.00000 0.00000
249 13.00000 0.00000
250 15.00000 0.00000
251 17.00000 0.00000
252 19.00000 0.00000
253 21.00000 0.00000
254 -20.00000 1.00000
255 -18.00000 1.00000
256 -16.00000 1.00000
257 -14.00000 1.00000
258 -12.00000 1.00000
259 -10.00000 1.00000
260 -8.00000 1.00000
261 -6.00000 1.00000
262 -4.00000 1.00000
263 -2.00000 1.00000
264 0.00000 1.00000
265 2.00000 1.00000
266 4.00000 1.00000
267 6.00000 1.00000
268 8.00000 1.00000
269 10.00000 1.00000
270 12.00000 1.00000
271 14.00000 1.00000
272 16.00000 1.00000
273 18.00000 1.00000
274 20.00000 1.00000
275 -19.00000 2.00000
276 -17.00000 2.00000
277 -15.00000 2.00000
278 -13.00000 2.00000
279 -11.00000 2.00000
280 -9.00000 2.00000
281 -7.00000 2.00000
282 -5.00000 2.00000
283 -3.00000 2.00000
284 -1.00000 2.00000
285 1.00000 2.00000
286 3.00000 2.00000
287 5.00000 2.00000
288 7.00000 2.00000
289 9.00000 2.00000
290 11.00000 2.00000
291 13.00000 2.00000
292 15.00000 2.00000
293 17.00000 2.00000
294 19.00000 2.00000
295 -18.00000 3.00000
296 -16.00000 3.00000
297 -14.00000 3.00000
298 -12.00000 3.00000
299 -10.00000 3.00000
300 -8.00000 3.00000
301 -6.00000 3.00000
302 -4.00000 3.00000
303 -2.00000 3.00000
304 0.00000 3.00000
305 2.00000 3.00000
306 4.00000 3.00000
307 6.00000 3.00000
308 8.00000 3.00000
309 10.00000 3.00000
310 12.00000 3.00000
311 14.00000 3.00000
312 16.00000 3.00000
313 18.00000 3.00000
314 -17.00000 4.00000
315 -15.00000 4.00000
316 -13.00000 4.00000
317 -11.00000 4.00000
318 -9.00000 4.00000
319 -7.00000 4.00000
320 -5.00000 4.00000
321 -3.00000 4.00000
322 -1.00000 4.00000
323 1.00000 4.00000
324 3.00000 4.00000
325 5.00000 4.00000
326 7.00000 4.00000
327 9.00000 4.00000
328 11.00000 4.00000
329 13.00000 4.00000
330 15.00000 4.00000
331 17.00000 4.00000
332 -16.00000 5.00000
333 -14.00000 5.00000
334 -12.00000 5.00000
335 -10.00000 5.00000
336 -8.00000 5.00000
337 -6.00000 5.00000
338 -4.00000 5.00000
339 -2.00000 5.00000
340 0.00000 5.00000
341 2.00000 5.00000
342 4.00000 5.00000
343 6.00000 5.00000
344 8.00000 5.00000
345 10.00000 5.00000
346 12.00000 5.00000
347 14.00000 5.00000
348 16.00000 5.00000
349 -15.00000 6.00000
350 -13.00000 6.00000
351 -11.00000 6.00000
352 -9.00000 6.00000
353 -7.00000 6.00000
354 -5.00000 6.00000
355 -3.00000 6.00000
356 -1.00000 6.00000
357 1.00000 6.00000
358 3.00000 6.00000
359 5.00000 6.00000
360 7.00000 6.00000
361 9.00000 6.00000
362 11.00000 6.00000
363 13.00000 6.00000
364 15.00000 6.00000
365 -14.00000 7.00000
366 -12.00000 7.00000
367 -10.00000 7.00000
368 -8.00000 7.00000
369 -6.00000 7.00000
370 -4.00000 7.00000
371 -2.00000 7.00000
372 0.00000 7.00000
373 2.00000 7.00000
374 4.00000 7.00000
375 6.00000 7.00000
376 8.00000 7.00000
377 10.00000 7.00000
378 12.00000 7.00000
379 14.00000 7.00000
380 -13.00000 8.00000
381 -11.00000 8.00000
382 -9.00000 8.00000
383 -7.00000 8.00000
384 -5.00000 8.00000
385 -3.00000 8.00000
386 -1.00000 8.00000
387 1.00000 8.00000
388 3.00000 8.00000
389 5.00000 8.00000
390 7.00000 8.00000
391 9.00000 8.00000
392 11.00000 8.00000
393 13.00000 8.00000
394 -12.00000 9.00000
395 -10.00000 9.00000
396 -8.00000 9.00000
397 -6.00000 9.00000
398 -4.00000 9.00000
399 -2.00000 9.00000
400 0.00000 9.00000
401 2.00000 9.00000
402 4.00000 9.00000
403 6.00000 9.00000
404 8.00000 9.00000
405 10.00000 9.00000
406 12.00000 9.00000
407 -11.00000 10.00000
408 -9.00000 10.00000
409 -7.00000 10.00000
410 -5.00000 10.00000
411 -3.00000 10.00000
412 -1.00000 10.00000
413 1.00000 10.00000
414 3.00000 10.00000
415 5.00000 10.00000
416 7.00000 10.00000
417 9.00000 10.00000
418 11.00000 10.00000
419 -10.00000 11.00000
420 -8.00000 11.00000
421 -6.00000 11.00000
422 -4.00000 11.00000
423 -2.00000 11.00000
424 0.00000 11.00000
425 2.00000 11.00000
426 4.00000 11.00000
427 6.00000 11.00000
428 8.00000 11.00000
429 10.00000 11.00000
430 -9.00000 12.00000
431 -7.00000 12.00000
432 -5.00000 12.00000
433 -3.00000 12.00000
434 -1.00000 12.00000
435 1.00000 12.00000
436 3.00000 12.00000
437 5.00000 12.00000
438 7.00000 12.00000
439 9.00000 12.00000
440 -8.00000 13.00000
441 -6.00000 13.00000
442 -4.00000 13.00000
443 -2.00000 13.00000
444 0.00000 13.00000
445 2.00000 13.00000
446 4.00000 13.00000
447 6.00000 13.00000
448 8.00000 13.00000
449 -7.00000 14.00000
450 -5.00000 14.00000
451 -3.00000 14.00000
452 -1.00000 14.00000
453 1.00000 14.00000
454 3.00000 14.00000
455 5.00000 14.00000
456 7.00000 14.00000
457 -6.00000 15.00000
458 -4.00000 15.00000
459 -2.00000 15.00000
460 0.00000 15.00000
461 2.00000 15.00000
462 4.00000 15.00000
463 6.00000 15.00000
464 -5.00000 16.00000
465 -3.00000 16.00000
466 -1.00000 16.00000
467 1.00000 16.00000
468 3.00000 16.00000
469 5.00000 16.00000
470 -4.00000 17.00000
471 -2.00000 17.00000
472 0.00000 17.00000
473 2.00000 17.00000
474 4.00000 17.00000
475 -3.00000 18.00000
476 -1.00000 18.00000
477 1.00000 18.00000
478 3.00000 18.00000
479 -2.00000 19.00000
480 0.00000 19.00000
481 2.00000 19.00000
482 -1.00000 20.00000
483 1.00000 20.00000
484 0.00000 21.00000