数据集  车辆  客户点   容量
c1            5       50        160
c2          10       75        140
c3           8        100      200
c4          12       150      200 
c5          16       199      200
c11          7       120      200
c12        10       100      200
g1            9       240     550
g2          10       320      700
g3          10       400      900
g4          10       480     1000
g5            5       200      900  
g6            7       280      900
g7            8       360      900
g8           10      440      900
g9           14      255     1000
g10         16      323     1000
g11         18      399     1000
g12         19      483     1000
g13         26      252     1000
g14         30      320     1000
g15         33      396     1000
g16         37      480     1000
g17         22      240      200
g18         27      300      200
g19         33      360      200
g20         38      420      200
l1             10      560     1200
l2             15      600      900
l3             10      640      1400
l4             10      720      1500
l5              10     760      900
l6             10      800       1700 
l7             20      840        900
l8             10      880        1800
l9             10      960        2000
l10           10     1040       2100
l11           10     1120      2300
l12            11     1200      2500