0.00 	0.00 	0.00 	0.00 	1.00 	1.00 	0.00 	0.00 	0.00 	0.00 	1.00 	1.00 	0.00 	0.00 
5.55 	6.27 	7.73 	8.45 	1.00 	1.00 	5.91 	6.64 	7.36 	8.09 	0.80 	0.80 	7.00 	0.36 
28.40 	29.20 	30.80 	31.60 	1.00 	1.00 	28.80 	29.60 	30.40 	31.20 	0.80 	0.80 	30.00 	0.40 
15.16 	15.58 	16.42 	16.84 	1.00 	1.00 	15.37 	15.79 	16.21 	16.63 	0.80 	0.80 	16.00 	0.21 
7.57 	8.29 	9.71 	10.43 	1.00 	1.00 	7.93 	8.64 	9.36 	10.07 	0.80 	0.80 	9.00 	0.36 
19.97 	20.48 	21.52 	22.03 	1.00 	1.00 	20.23 	20.74 	21.26 	21.77 	0.80 	0.80 	21.00 	0.26 
13.52 	14.26 	15.74 	16.48 	1.00 	1.00 	13.89 	14.63 	15.37 	16.11 	0.80 	0.80 	15.00 	0.37 
17.84 	18.42 	19.58 	20.16 	1.00 	1.00 	18.13 	18.71 	19.29 	19.87 	0.80 	0.80 	19.00 	0.29 
21.07 	22.03 	23.97 	24.93 	1.00 	1.00 	21.55 	22.52 	23.48 	24.45 	0.80 	0.80 	23.00 	0.48 
10.33 	10.67 	11.33 	11.67 	1.00 	1.00 	10.50 	10.83 	11.17 	11.50 	0.80 	0.80 	11.00 	0.17 
4.77 	4.88 	5.12 	5.23 	1.00 	1.00 	4.83 	4.94 	5.06 	5.17 	0.80 	0.80 	5.00 	0.06 
18.81 	18.91 	19.09 	19.19 	1.00 	1.00 	18.86 	18.95 	19.05 	19.14 	0.80 	0.80 	19.00 	0.05 
28.29 	28.64 	29.36 	29.71 	1.00 	1.00 	28.46 	28.82 	29.18 	29.54 	0.80 	0.80 	29.00 	0.18 
21.01 	22.01 	23.99 	24.99 	1.00 	1.00 	21.51 	22.50 	23.50 	24.49 	0.80 	0.80 	23.00 	0.50 
19.57 	20.28 	21.72 	22.43 	1.00 	1.00 	19.93 	20.64 	21.36 	22.07 	0.80 	0.80 	21.00 	0.36 
9.02 	9.51 	10.49 	10.98 	1.00 	1.00 	9.26 	9.75 	10.25 	10.74 	0.80 	0.80 	10.00 	0.25 
14.22 	14.61 	15.39 	15.78 	1.00 	1.00 	14.41 	14.80 	15.20 	15.59 	0.80 	0.80 	15.00 	0.20 
1.94 	2.47 	3.53 	4.06 	1.00 	1.00 	2.20 	2.73 	3.27 	3.80 	0.80 	0.80 	3.00 	0.27 
39.59 	40.30 	41.70 	42.41 	1.00 	1.00 	39.94 	40.65 	41.35 	42.06 	0.80 	0.80 	41.00 	0.35 
7.82 	8.41 	9.59 	10.18 	1.00 	1.00 	8.11 	8.70 	9.30 	9.89 	0.80 	0.80 	9.00 	0.30 
27.25 	27.63 	28.37 	28.75 	1.00 	1.00 	27.44 	27.81 	28.19 	28.56 	0.80 	0.80 	28.00 	0.19 
7.88 	7.94 	8.06 	8.12 	1.00 	1.00 	7.91 	7.97 	8.03 	8.09 	0.80 	0.80 	8.00 	0.03 
6.49 	7.24 	8.76 	9.51 	1.00 	1.00 	6.86 	7.62 	8.38 	9.14 	0.80 	0.80 	8.00 	0.38 
14.02 	15.01 	16.99 	17.98 	1.00 	1.00 	14.52 	15.51 	16.49 	17.48 	0.80 	0.80 	16.00 	0.49 
9.38 	9.69 	10.31 	10.62 	1.00 	1.00 	9.54 	9.85 	10.15 	10.46 	0.80 	0.80 	10.00 	0.15 
26.74 	27.37 	28.63 	29.26 	1.00 	1.00 	27.05 	27.68 	28.32 	28.95 	0.80 	0.80 	28.00 	0.32 
6.48 	6.74 	7.26 	7.52 	1.00 	1.00 	6.61 	6.87 	7.13 	7.39 	0.80 	0.80 	7.00 	0.13 
14.94 	14.97 	15.03 	15.06 	1.00 	1.00 	14.95 	14.98 	15.02 	15.05 	0.80 	0.80 	15.00 	0.02 
13.56 	13.78 	14.22 	14.44 	1.00 	1.00 	13.67 	13.89 	14.11 	14.33 	0.80 	0.80 	14.00 	0.11 
4.51 	5.26 	6.74 	7.49 	1.00 	1.00 	4.88 	5.63 	6.37 	7.12 	0.80 	0.80 	6.00 	0.37 
17.07 	18.03 	19.97 	20.93 	1.00 	1.00 	17.55 	18.52 	19.48 	20.45 	0.80 	0.80 	19.00 	0.48 
9.80 	10.40 	11.60 	12.20 	1.00 	1.00 	10.10 	10.70 	11.30 	11.90 	0.80 	0.80 	11.00 	0.30 
11.57 	11.79 	12.21 	12.43 	1.00 	1.00 	11.68 	11.89 	12.11 	12.32 	0.80 	0.80 	12.00 	0.11 
22.82 	22.91 	23.09 	23.18 	1.00 	1.00 	22.87 	22.96 	23.04 	23.13 	0.80 	0.80 	23.00 	0.04 
25.05 	25.53 	26.47 	26.95 	1.00 	1.00 	25.29 	25.76 	26.24 	26.71 	0.80 	0.80 	26.00 	0.24 
16.33 	16.66 	17.34 	17.67 	1.00 	1.00 	16.50 	16.83 	17.17 	17.50 	0.80 	0.80 	17.00 	0.17 
5.79 	5.89 	6.11 	6.21 	1.00 	1.00 	5.84 	5.95 	6.05 	6.16 	0.80 	0.80 	6.00 	0.05 
8.41 	8.70 	9.30 	9.59 	1.00 	1.00 	8.56 	8.85 	9.15 	9.44 	0.80 	0.80 	9.00 	0.15 
13.05 	14.03 	15.97 	16.95 	1.00 	1.00 	13.54 	14.51 	15.49 	16.46 	0.80 	0.80 	15.00 	0.49 
12.03 	13.01 	14.99 	15.97 	1.00 	1.00 	12.52 	13.51 	14.49 	15.48 	0.80 	0.80 	14.00 	0.49 
5.76 	6.38 	7.62 	8.24 	1.00 	1.00 	6.07 	6.69 	7.31 	7.93 	0.80 	0.80 	7.00 	0.31 
25.34 	26.17 	27.83 	28.66 	1.00 	1.00 	25.75 	26.58 	27.42 	28.25 	0.80 	0.80 	27.00 	0.42 
11.23 	12.11 	13.89 	14.77 	1.00 	1.00 	11.67 	12.56 	13.44 	14.33 	0.80 	0.80 	13.00 	0.44 
10.72 	10.86 	11.14 	11.28 	1.00 	1.00 	10.79 	10.93 	11.07 	11.21 	0.80 	0.80 	11.00 	0.07 
14.37 	15.19 	16.81 	17.63 	1.00 	1.00 	14.78 	15.59 	16.41 	17.22 	0.80 	0.80 	16.00 	0.41 
8.26 	9.13 	10.87 	11.74 	1.00 	1.00 	8.70 	9.57 	10.43 	11.30 	0.80 	0.80 	10.00 	0.43 
3.20 	4.10 	5.90 	6.80 	1.00 	1.00 	3.65 	4.55 	5.45 	6.35 	0.80 	0.80 	5.00 	0.45 
23.05 	24.03 	25.97 	26.95 	1.00 	1.00 	23.54 	24.51 	25.49 	26.46 	0.80 	0.80 	25.00 	0.49 
15.04 	16.02 	17.98 	18.96 	1.00 	1.00 	15.53 	16.51 	17.49 	18.47 	0.80 	0.80 	17.00 	0.49 
17.57 	17.78 	18.22 	18.43 	1.00 	1.00 	17.67 	17.89 	18.11 	18.33 	0.80 	0.80 	18.00 	0.11 
8.85 	9.43 	10.57 	11.15 	1.00 	1.00 	9.14 	9.71 	10.29 	10.86 	0.80 	0.80 	10.00 	0.29 
