0	0	0	0	1	1	0	0	0	0	0.8	0.8
8.6 	9.3 	11.2 	11.7 	1	1	9.9 	10.2 	10.6 	11.1 	0.8	0.8
28.7 	29.0 	32.3 	33.3 	1	1	29.7 	30.6 	31.6 	31.9 	0.8	0.8
28.7 	29.3 	30.0 	30.4 	1	1	29.3 	29.3 	29.4 	29.7 	0.8	0.8
8.1 	8.3 	11.5 	11.9 	1	1	9.2 	9.7 	9.8 	10.8 	0.8	0.8
8.4 	9.2 	10.7 	11.7 	1	1	9.2 	10.1 	10.1 	10.2 	0.8	0.8
28.6 	29.3 	31.4 	31.5 	1	1	30.0 	30.8 	31.0 	31.3 	0.8	0.8
28.7 	29.2 	30.5 	30.7 	1	1	29.9 	30.3 	30.4 	30.4 	0.8	0.8
8.7 	9.3 	11.9 	12.4 	1	1	9.6 	10.4 	10.5 	11.0 	0.8	0.8
8.2 	8.3 	10.2 	10.7 	1	1	8.5 	8.5 	9.3 	9.7 	0.8	0.8
28.6 	29.6 	32.7 	33.6 	1	1	29.9 	30.7 	31.4 	32.2 	0.8	0.8
28.2 	28.7 	31.4 	31.6 	1	1	29.5 	29.8 	29.9 	30.9 	0.8	0.8
8.3 	8.8 	11.2 	11.3 	1	1	9.2 	9.6 	9.8 	10.7 	0.8	0.8
8.7 	9.0 	10.9 	11.2 	1	1	9.0 	9.7 	10.7 	10.8 	0.8	0.8
29.0 	29.5 	31.5 	32.4 	1	1	29.6 	29.8 	30.4 	30.7 	0.8	0.8
29.0 	29.5 	31.6 	32.0 	1	1	29.8 	30.1 	31.0 	31.3 	0.8	0.8
8.3 	8.5 	11.3 	11.9 	1	1	9.3 	9.7 	10.4 	10.8 	0.8	0.8
8.6 	9.2 	11.9 	12.3 	1	1	9.5 	10.4 	10.6 	10.9 	0.8	0.8
28.5 	29.5 	31.6 	31.9 	1	1	29.9 	30.4 	30.6 	31.2 	0.8	0.8
28.5 	29.0 	30.7 	31.1 	1	1	29.7 	30.0 	30.1 	30.6 	0.8	0.8
8.9 	9.8 	13.7 	13.8 	1	1	10.6 	11.5 	12.1 	13.0 	0.8	0.8
8.8 	8.9 	11.5 	12.5 	1	1	9.1 	9.3 	10.1 	10.7 	0.8	0.8
28.2 	28.5 	30.7 	31.5 	1	1	28.9 	29.3 	29.3 	29.9 	0.8	0.8
28.0 	28.1 	30.5 	31.1 	1	1	28.8 	28.9 	29.5 	30.4 	0.8	0.8
9.0 	9.8 	12.7 	13.2 	1	1	10.1 	10.9 	11.7 	12.3 	0.8	0.8
8.5 	8.6 	11.6 	11.6 	1	1	8.9 	9.4 	10.3 	10.9 	0.8	0.8
28.6 	29.1 	31.7 	32.4 	1	1	29.8 	29.9 	30.4 	31.0 	0.8	0.8
28.6 	29.2 	31.8 	31.9 	1	1	30.1 	30.4 	30.4 	30.9 	0.8	0.8
8.6 	9.0 	9.6 	10.5 	1	1	9.1 	9.2 	9.5 	9.5 	0.8	0.8
8.3 	8.4 	10.1 	11.0 	1	1	8.9 	9.0 	9.2 	9.6 	0.8	0.8
28.8 	29.7 	32.0 	32.8 	1	1	30.3 	31.0 	31.4 	31.5 	0.8	0.8
28.6 	29.1 	32.3 	33.1 	1	1	30.1 	30.8 	31.2 	32.0 	0.8	0.8
8.8 	9.6 	12.5 	13.4 	1	1	10.6 	10.7 	11.3 	11.8 	0.8	0.8
8.4 	9.1 	11.1 	11.3 	1	1	9.4 	9.7 	10.5 	11.0 	0.8	0.8
28.2 	28.6 	31.5 	31.5 	1	1	28.8 	29.8 	30.6 	31.1 	0.8	0.8
28.2 	28.2 	31.5 	31.9 	1	1	28.4 	29.2 	29.7 	30.6 	0.8	0.8
8.8 	9.7 	11.4 	11.9 	1	1	10.4 	10.5 	10.5 	11.2 	0.8	0.8
8.0 	8.6 	11.1 	11.3 	1	1	9.0 	9.5 	10.0 	11.0 	0.8	0.8
29.0 	29.6 	32.8 	33.3 	1	1	30.5 	31.1 	31.9 	32.5 	0.8	0.8
28.3 	28.7 	31.3 	32.2 	1	1	29.2 	29.7 	30.5 	30.8 	0.8	0.8
8.5 	9.2 	10.9 	10.9 	1	1	9.4 	9.6 	10.5 	10.6 	0.8	0.8
8.4 	8.5 	10.0 	10.9 	1	1	8.8 	9.1 	9.1 	9.7 	0.8	0.8
28.5 	29.3 	31.8 	32.5 	1	1	29.8 	30.3 	31.1 	31.2 	0.8	0.8
28.5 	28.9 	31.3 	32.3 	1	1	29.8 	29.9 	30.1 	30.4 	0.8	0.8
8.1 	8.9 	11.5 	11.9 	1	1	9.3 	9.9 	10.2 	11.2 	0.8	0.8
8.2 	9.0 	11.4 	12.2 	1	1	9.0 	9.4 	10.3 	11.1 	0.8	0.8
28.0 	28.6 	30.9 	31.1 	1	1	29.0 	29.7 	30.3 	30.5 	0.8	0.8
29.0 	29.5 	32.6 	33.5 	1	1	30.2 	30.7 	31.4 	32.1 	0.8	0.8
8.4 	8.5 	10.7 	10.7 	1	1	8.8 	9.4 	9.4 	10.1 	0.8	0.8
8.2 	8.5 	11.5 	12.3 	1	1	8.8 	9.5 	9.9 	10.9 	0.8	0.8
28.1 	28.4 	31.4 	32.2 	1	1	29.2 	29.3 	30.1 	30.4 	0.8	0.8
28.6 	29.0 	32.0 	32.7 	1	1	29.5 	30.5 	30.8 	31.3 	0.8	0.8
8.3 	8.4 	10.8 	11.7 	1	1	8.7 	9.3 	10.1 	10.8 	0.8	0.8
8.1 	8.2 	10.8 	10.9 	1	1	8.8 	9.0 	9.6 	10.2 	0.8	0.8
28.1 	29.1 	31.0 	31.1 	1	1	29.3 	29.6 	30.0 	30.9 	0.8	0.8
28.8 	29.5 	32.7 	33.1 	1	1	30.0 	30.5 	31.2 	31.8 	0.8	0.8
8.1 	8.8 	10.8 	10.9 	1	1	9.6 	10.1 	10.3 	10.3 	0.8	0.8
8.9 	9.3 	12.4 	12.9 	1	1	10.3 	10.9 	11.4 	11.8 	0.8	0.8
28.0 	28.4 	30.2 	31.0 	1	1	28.9 	29.3 	29.7 	30.2 	0.8	0.8
28.4 	29.2 	32.8 	33.3 	1	1	30.0 	30.1 	31.1 	31.9 	0.8	0.8
8.3 	8.9 	12.5 	13.4 	1	1	9.8 	10.6 	11.4 	12.3 	0.8	0.8
8.5 	9.5 	11.1 	11.7 	1	1	9.7 	10.5 	10.7 	10.8 	0.8	0.8
28.8 	29.2 	31.5 	31.6 	1	1	29.2 	30.0 	30.9 	31.0 	0.8	0.8
29.0 	29.0 	30.4 	30.9 	1	1	29.3 	29.5 	29.6 	30.3 	0.8	0.8
8.4 	9.0 	12.8 	13.4 	1	1	9.8 	10.5 	11.3 	11.9 	0.8	0.8
8.7 	8.9 	9.9 	10.1 	1	1	9.3 	9.6 	9.6 	9.9 	0.8	0.8
28.0 	28.1 	30.0 	30.9 	1	1	28.7 	29.0 	29.8 	29.8 	0.8	0.8
28.4 	29.1 	31.7 	32.0 	1	1	29.4 	30.3 	30.3 	31.1 	0.8	0.8
8.4 	9.4 	10.3 	11.2 	1	1	9.4 	9.6 	9.7 	10.2 	0.8	0.8
8.5 	8.7 	11.9 	12.3 	1	1	9.6 	9.9 	10.7 	11.5 	0.8	0.8
28.1 	28.2 	30.7 	30.9 	1	1	28.5 	28.9 	29.2 	30.1 	0.8	0.8
28.7 	29.0 	31.3 	31.8 	1	1	29.8 	30.7 	30.7 	30.8 	0.8	0.8
8.9 	9.2 	13.0 	13.8 	1	1	10.0 	11.0 	11.9 	12.7 	0.8	0.8
8.8 	9.2 	11.0 	11.1 	1	1	9.6 	10.1 	10.2 	10.8 	0.8	0.8
28.5 	29.4 	30.8 	31.8 	1	1	29.6 	29.7 	30.1 	30.8 	0.8	0.8
28.8 	28.9 	31.4 	31.6 	1	1	29.6 	30.2 	31.0 	31.4 	0.8	0.8
8.5 	8.6 	10.4 	10.7 	1	1	8.6 	9.5 	9.9 	10.0 	0.8	0.8
8.0 	8.8 	11.0 	11.8 	1	1	9.0 	9.7 	9.8 	10.0 	0.8	0.8
28.6 	28.7 	30.3 	31.2 	1	1	29.1 	29.6 	29.8 	30.2 	0.8	0.8
28.7 	29.5 	32.3 	33.1 	1	1	30.3 	30.5 	31.4 	31.4 	0.8	0.8
9.0 	9.2 	11.4 	11.7 	1	1	10.0 	10.2 	10.9 	11.2 	0.8	0.8
8.9 	9.4 	12.3 	12.5 	1	1	10.1 	10.5 	10.9 	11.6 	0.8	0.8
28.4 	28.9 	31.3 	32.3 	1	1	29.9 	30.2 	30.5 	30.9 	0.8	0.8
28.4 	28.6 	31.1 	31.5 	1	1	29.0 	29.7 	30.1 	30.8 	0.8	0.8
8.4 	8.4 	11.7 	11.8 	1	1	8.5 	9.1 	10.0 	10.9 	0.8	0.8
8.1 	8.9 	11.0 	11.8 	1	1	8.9 	9.6 	10.6 	10.9 	0.8	0.8
28.9 	29.3 	31.2 	31.9 	1	1	29.9 	30.0 	30.1 	30.7 	0.8	0.8
28.5 	29.4 	32.8 	33.6 	1	1	30.3 	31.0 	31.4 	32.3 	0.8	0.8
8.2 	8.7 	11.5 	11.8 	1	1	9.5 	10.0 	10.0 	10.8 	0.8	0.8
8.6 	9.2 	12.0 	12.7 	1	1	9.5 	9.7 	10.6 	11.1 	0.8	0.8
28.4 	29.2 	30.8 	31.6 	1	1	29.3 	29.5 	29.6 	30.2 	0.8	0.8
28.9 	29.2 	31.6 	32.4 	1	1	29.2 	29.9 	30.8 	31.4 	0.8	0.8
8.0 	8.1 	9.8 	10.1 	1	1	8.1 	8.3 	8.4 	8.8 	0.8	0.8
8.1 	8.5 	10.7 	11.2 	1	1	9.1 	9.4 	9.8 	10.0 	0.8	0.8
28.3 	29.2 	31.8 	32.3 	1	1	29.7 	30.3 	31.2 	31.7 	0.8	0.8
28.3 	29.0 	31.0 	31.2 	1	1	29.3 	29.8 	30.1 	30.6 	0.8	0.8
8.8 	9.7 	11.7 	12.3 	1	1	9.8 	10.2 	10.3 	10.9 	0.8	0.8
8.1 	8.6 	11.7 	12.0 	1	1	9.5 	10.4 	11.3 	11.4 	0.8	0.8
28.6 	29.1 	31.7 	31.8 	1	1	29.9 	30.7 	30.8 	31.6 	0.8	0.8
28.4 	29.2 	31.0 	31.6 	1	1	30.1 	30.2 	30.6 	30.9 	0.8	0.8
8.5 	9.2 	11.7 	12.6 	1	1	9.6 	10.2 	11.1 	11.5 	0.8	0.8
8.4 	8.6 	11.7 	12.4 	1	1	9.6 	10.4 	10.4 	11.1 	0.8	0.8
28.1 	28.8 	31.4 	31.6 	1	1	28.8 	29.5 	30.5 	30.5 	0.8	0.8
28.3 	28.5 	30.9 	31.3 	1	1	28.8 	29.2 	29.5 	30.1 	0.8	0.8
8.9 	9.4 	12.7 	13.6 	1	1	9.8 	10.8 	11.0 	11.8 	0.8	0.8
8.5 	9.2 	12.0 	12.2 	1	1	9.2 	9.8 	10.3 	11.2 	0.8	0.8
28.6 	28.9 	31.4 	32.3 	1	1	29.0 	29.6 	30.5 	31.2 	0.8	0.8
28.5 	28.7 	31.5 	32.3 	1	1	29.0 	29.8 	30.5 	31.0 	0.8	0.8
8.7 	9.4 	12.6 	13.6 	1	1	10.1 	10.5 	11.2 	12.0 	0.8	0.8
8.0 	8.5 	10.8 	11.7 	1	1	8.5 	9.3 	9.9 	10.2 	0.8	0.8
28.7 	29.3 	32.0 	32.2 	1	1	30.0 	30.7 	31.1 	31.6 	0.8	0.8
28.7 	29.5 	32.7 	33.2 	1	1	29.9 	30.6 	31.5 	32.2 	0.8	0.8
8.9 	9.0 	10.4 	10.5 	1	1	9.1 	9.3 	10.0 	10.2 	0.8	0.8
9.0 	9.9 	12.5 	13.2 	1	1	10.6 	11.3 	11.8 	12.1 	0.8	0.8
28.6 	28.8 	31.0 	31.7 	1	1	29.0 	29.6 	30.3 	30.8 	0.8	0.8
28.1 	28.2 	31.2 	31.6 	1	1	29.1 	29.5 	30.4 	31.0 	0.8	0.8
8.0 	8.3 	11.0 	11.5 	1	1	8.8 	9.8 	9.8 	10.6 	0.8	0.8
8.6 	9.4 	11.4 	11.8 	1	1	10.1 	10.4 	10.5 	10.8 	0.8	0.8
28.1 	28.1 	30.8 	31.2 	1	1	28.9 	29.0 	29.8 	30.6 	0.8	0.8
28.4 	28.9 	31.7 	32.4 	1	1	29.5 	30.3 	30.6 	31.3 	0.8	0.8
8.9 	9.1 	11.4 	12.0 	1	1	9.1 	9.3 	10.0 	10.4 	0.8	0.8
8.5 	8.9 	11.7 	12.3 	1	1	9.4 	9.7 	9.8 	10.8 	0.8	0.8
28.8 	28.9 	30.5 	31.0 	1	1	29.0 	29.2 	30.1 	30.2 	0.8	0.8
28.3 	29.2 	30.8 	31.5 	1	1	29.3 	29.3 	29.5 	29.8 	0.8	0.8
8.6 	8.8 	11.4 	11.8 	1	1	9.4 	9.8 	10.8 	11.1 	0.8	0.8
8.5 	9.4 	12.4 	13.0 	1	1	10.1 	10.5 	10.8 	11.5 	0.8	0.8
28.3 	28.5 	31.6 	32.5 	1	1	28.9 	29.3 	30.3 	30.7 	0.8	0.8
28.1 	28.6 	29.6 	29.8 	1	1	29.0 	29.0 	29.2 	29.4 	0.8	0.8
8.7 	9.1 	11.7 	12.3 	1	1	9.9 	10.1 	10.6 	10.8 	0.8	0.8
8.3 	9.0 	11.4 	11.8 	1	1	9.8 	10.1 	10.3 	10.4 	0.8	0.8
28.8 	29.1 	30.5 	31.3 	1	1	29.2 	29.6 	29.6 	29.6 	0.8	0.8
28.0 	28.8 	31.2 	32.1 	1	1	29.2 	30.1 	30.6 	30.6 	0.8	0.8
8.4 	9.4 	12.3 	12.8 	1	1	9.8 	10.2 	11.1 	11.8 	0.8	0.8
8.3 	8.4 	11.8 	12.8 	1	1	8.6 	9.5 	10.2 	11.0 	0.8	0.8
28.1 	28.9 	30.7 	30.7 	1	1	29.3 	29.6 	30.4 	30.5 	0.8	0.8
29.0 	30.0 	32.9 	33.6 	1	1	30.3 	30.8 	31.7 	32.5 	0.8	0.8
8.3 	8.8 	11.2 	11.3 	1	1	9.0 	9.9 	10.1 	11.0 	0.8	0.8
8.3 	9.1 	13.3 	13.3 	1	1	10.1 	10.8 	11.5 	12.5 	0.8	0.8
28.1 	28.6 	32.0 	32.7 	1	1	29.1 	30.1 	30.7 	31.4 	0.8	0.8
28.3 	29.1 	31.4 	31.8 	1	1	29.2 	29.5 	29.6 	30.5 	0.8	0.8
8.7 	9.5 	12.6 	12.6 	1	1	10.0 	10.4 	11.0 	11.8 	0.8	0.8
8.1 	9.0 	11.4 	11.5 	1	1	9.7 	9.8 	10.2 	10.7 	0.8	0.8
28.5 	28.7 	31.9 	32.5 	1	1	29.1 	29.9 	30.7 	31.4 	0.8	0.8
28.2 	28.7 	29.9 	30.5 	1	1	28.7 	28.8 	29.1 	29.7 	0.8	0.8
8.9 	9.6 	11.9 	11.9 	1	1	9.9 	10.3 	10.9 	11.4 	0.8	0.8
8.6 	9.6 	11.6 	12.4 	1	1	9.8 	10.2 	10.8 	11.4 	0.8	0.8
28.2 	29.0 	32.3 	33.2 	1	1	29.5 	30.4 	30.8 	31.7 	0.8	0.8
28.2 	29.2 	32.0 	32.7 	1	1	30.1 	30.7 	31.2 	31.9 	0.8	0.8
8.5 	8.9 	13.2 	14.1 	1	1	9.9 	10.8 	11.5 	12.5 	0.8	0.8
8.2 	8.8 	11.5 	12.1 	1	1	9.2 	9.6 	9.9 	10.9 	0.8	0.8
28.5 	28.8 	31.9 	32.3 	1	1	29.5 	29.6 	30.0 	31.0 	0.8	0.8
28.3 	28.9 	32.1 	32.6 	1	1	29.3 	30.2 	31.2 	31.4 	0.8	0.8
8.4 	9.0 	12.1 	12.7 	1	1	9.4 	10.3 	10.9 	11.8 	0.8	0.8
8.4 	8.5 	10.5 	10.6 	1	1	9.1 	9.3 	10.2 	10.3 	0.8	0.8
28.5 	29.5 	31.6 	31.6 	1	1	30.1 	30.5 	31.4 	31.6 	0.8	0.8
28.0 	28.1 	30.7 	31.6 	1	1	28.9 	29.8 	29.9 	30.3 	0.8	0.8
8.1 	9.0 	10.9 	11.8 	1	1	9.5 	9.7 	10.5 	10.7 	0.8	0.8
8.5 	9.1 	12.6 	12.9 	1	1	9.9 	10.6 	11.3 	12.0 	0.8	0.8
28.3 	28.9 	31.2 	31.6 	1	1	29.3 	29.9 	30.4 	30.8 	0.8	0.8
28.7 	29.6 	31.3 	31.3 	1	1	30.2 	30.3 	30.4 	31.2 	0.8	0.8
8.2 	8.3 	10.9 	11.4 	1	1	9.2 	9.8 	10.1 	10.3 	0.8	0.8
8.9 	9.0 	11.0 	11.2 	1	1	9.4 	9.7 	10.0 	10.5 	0.8	0.8
28.2 	28.6 	31.5 	32.3 	1	1	28.8 	29.5 	30.0 	30.6 	0.8	0.8
28.3 	28.7 	31.2 	31.9 	1	1	29.2 	30.0 	30.4 	30.7 	0.8	0.8
8.3 	8.7 	10.7 	11.0 	1	1	9.2 	9.3 	10.2 	10.2 	0.8	0.8
8.4 	8.7 	11.6 	11.8 	1	1	9.4 	9.7 	10.5 	11.2 	0.8	0.8
28.2 	28.5 	30.7 	31.6 	1	1	28.6 	29.0 	29.7 	30.1 	0.8	0.8
28.6 	29.0 	31.8 	32.3 	1	1	29.6 	29.7 	30.2 	31.1 	0.8	0.8
8.5 	8.7 	11.2 	12.2 	1	1	9.3 	9.9 	10.8 	10.8 	0.8	0.8
8.4 	8.9 	11.9 	12.7 	1	1	9.3 	9.5 	10.4 	11.3 	0.8	0.8
28.3 	28.4 	29.9 	30.6 	1	1	28.5 	29.1 	29.3 	29.6 	0.8	0.8
28.0 	28.5 	32.0 	32.6 	1	1	29.2 	29.9 	30.2 	31.1 	0.8	0.8
8.8 	9.0 	11.8 	12.6 	1	1	10.0 	10.4 	10.6 	11.1 	0.8	0.8
8.9 	9.4 	10.6 	11.3 	1	1	9.5 	9.6 	9.8 	9.8 	0.8	0.8
28.6 	29.3 	32.4 	33.4 	1	1	30.2 	31.2 	31.4 	32.3 	0.8	0.8
28.1 	28.9 	32.1 	32.9 	1	1	29.9 	30.5 	31.2 	31.5 	0.8	0.8
8.6 	8.7 	11.8 	12.1 	1	1	9.6 	10.3 	11.2 	11.5 	0.8	0.8
8.0 	8.0 	11.7 	11.8 	1	1	8.4 	9.2 	9.8 	10.8 	0.8	0.8
29.0 	29.1 	32.1 	32.4 	1	1	29.2 	30.2 	31.0 	31.6 	0.8	0.8
28.8 	29.5 	32.5 	33.3 	1	1	30.0 	30.9 	31.2 	31.9 	0.8	0.8
8.3 	9.0 	11.5 	11.8 	1	1	9.1 	9.8 	10.6 	11.1 	0.8	0.8
8.2 	8.3 	10.1 	10.1 	1	1	8.5 	8.7 	9.7 	9.7 	0.8	0.8
28.8 	29.2 	32.9 	33.6 	1	1	29.7 	30.3 	31.3 	32.1 	0.8	0.8
28.9 	29.5 	33.1 	33.1 	1	1	30.5 	31.1 	31.9 	32.2 	0.8	0.8
8.8 	9.4 	12.7 	12.7 	1	1	9.9 	10.7 	11.4 	11.9 	0.8	0.8
8.1 	8.3 	11.2 	12.1 	1	1	9.0 	9.7 	10.4 	10.5 	0.8	0.8
28.4 	29.2 	31.8 	32.7 	1	1	30.1 	30.9 	31.0 	31.7 	0.8	0.8
28.5 	28.5 	31.6 	32.2 	1	1	29.4 	30.2 	30.2 	30.9 	0.8	0.8
8.6 	9.1 	10.5 	10.5 	1	1	9.1 	9.3 	9.3 	10.3 	0.8	0.8
8.1 	8.8 	10.9 	11.5 	1	1	9.2 	9.4 	10.0 	10.4 	0.8	0.8
28.9 	28.9 	30.6 	30.8 	1	1	28.9 	29.2 	29.8 	29.8 	0.8	0.8
28.1 	28.1 	31.3 	31.6 	1	1	28.8 	29.4 	29.8 	30.3 	0.8	0.8
8.8 	9.3 	12.1 	12.3 	1	1	10.3 	11.0 	11.6 	11.6 	0.8	0.8
8.8 	9.0 	11.7 	12.4 	1	1	9.2 	10.0 	10.3 	11.1 	0.8	0.8
28.7 	29.1 	32.2 	33.0 	1	1	29.8 	30.6 	31.3 	31.6 	0.8	0.8
28.4 	28.7 	31.4 	31.4 	1	1	29.0 	29.6 	30.2 	30.5 	0.8	0.8
8.9 	9.2 	11.8 	12.5 	1	1	9.6 	10.4 	10.5 	11.3 	0.8	0.8
8.5 	8.7 	10.7 	11.4 	1	1	9.6 	9.8 	10.1 	10.2 	0.8	0.8
28.5 	29.5 	31.8 	32.2 	1	1	29.7 	30.1 	30.4 	31.1 	0.8	0.8
28.3 	29.3 	31.2 	31.3 	1	1	29.3 	30.2 	30.5 	30.6 	0.8	0.8
8.1 	8.6 	11.7 	12.4 	1	1	9.3 	9.7 	10.1 	10.8 	0.8	0.8
8.1 	8.5 	10.2 	10.4 	1	1	8.7 	9.1 	9.7 	9.8 	0.8	0.8
28.4 	29.1 	31.0 	31.6 	1	1	29.2 	29.6 	30.0 	30.1 	0.8	0.8
28.2 	28.9 	31.1 	31.2 	1	1	29.5 	30.2 	30.6 	31.0 	0.8	0.8
8.8 	9.1 	10.9 	11.8 	1	1	9.2 	10.0 	10.2 	10.8 	0.8	0.8
8.7 	9.1 	11.6 	12.4 	1	1	9.4 	10.3 	10.4 	10.8 	0.8	0.8
28.9 	29.4 	32.2 	33.2 	1	1	30.0 	30.8 	31.8 	32.2 	0.8	0.8
28.4 	28.7 	31.0 	31.5 	1	1	29.0 	29.8 	30.1 	30.3 	0.8	0.8
8.3 	9.0 	10.7 	11.1 	1	1	9.0 	9.6 	9.6 	10.5 	0.8	0.8
8.3 	8.4 	10.4 	10.6 	1	1	8.8 	9.1 	9.8 	10.1 	0.8	0.8
28.2 	28.5 	31.3 	32.0 	1	1	29.4 	30.0 	30.8 	31.0 	0.8	0.8
28.8 	29.2 	31.9 	32.5 	1	1	30.1 	30.3 	30.6 	31.4 	0.8	0.8
8.5 	9.0 	12.8 	13.4 	1	1	9.6 	10.6 	11.1 	11.9 	0.8	0.8
8.6 	8.9 	10.6 	11.3 	1	1	9.2 	9.3 	9.8 	10.2 	0.8	0.8
28.4 	29.3 	30.5 	31.1 	1	1	29.4 	29.7 	29.7 	30.5 	0.8	0.8
28.0 	28.3 	30.8 	31.4 	1	1	28.8 	29.7 	30.4 	30.5 	0.8	0.8
8.0 	8.3 	11.2 	11.4 	1	1	8.8 	9.4 	10.0 	10.3 	0.8	0.8
8.2 	8.6 	11.3 	11.4 	1	1	8.8 	9.2 	10.2 	10.3 	0.8	0.8
28.8 	29.6 	31.2 	31.6 	1	1	29.9 	30.2 	30.5 	30.8 	0.8	0.8
28.2 	28.2 	31.2 	31.7 	1	1	29.2 	30.0 	30.6 	30.6 	0.8	0.8
8.1 	8.8 	12.2 	13.0 	1	1	9.5 	10.4 	11.2 	12.0 	0.8	0.8
8.5 	8.9 	10.0 	10.1 	1	1	8.9 	9.0 	9.1 	9.9 	0.8	0.8
28.8 	28.9 	31.2 	32.1 	1	1	29.9 	30.1 	30.2 	31.1 	0.8	0.8
28.2 	28.8 	30.6 	31.5 	1	1	29.1 	29.3 	29.8 	30.6 	0.8	0.8
8.1 	8.9 	11.2 	11.3 	1	1	9.5 	10.5 	10.6 	10.6 	0.8	0.8
8.7 	9.3 	11.1 	11.3 	1	1	9.8 	10.1 	10.1 	10.6 	0.8	0.8
28.6 	29.3 	31.3 	31.9 	1	1	29.4 	30.2 	30.5 	30.5 	0.8	0.8
28.1 	28.7 	30.1 	30.7 	1	1	28.8 	28.9 	29.3 	29.9 	0.8	0.8
9.0 	9.7 	12.4 	13.0 	1	1	10.2 	10.2 	11.2 	11.7 	0.8	0.8
8.6 	8.7 	11.4 	11.8 	1	1	9.6 	9.9 	10.4 	10.7 	0.8	0.8
28.4 	28.4 	31.0 	31.2 	1	1	29.0 	29.1 	29.7 	30.1 	0.8	0.8
28.8 	29.4 	32.0 	32.4 	1	1	30.1 	30.5 	31.0 	31.3 	0.8	0.8
8.9 	9.9 	12.6 	12.7 	1	1	10.6 	10.8 	11.5 	11.9 	0.8	0.8
9.0 	9.7 	12.3 	12.8 	1	1	10.6 	10.7 	11.5 	11.6 	0.8	0.8
28.5 	28.5 	31.4 	32.2 	1	1	29.2 	30.1 	30.8 	31.2 	0.8	0.8
28.1 	28.6 	31.4 	31.7 	1	1	29.3 	30.1 	30.4 	30.5 	0.8	0.8
8.2 	8.9 	12.4 	13.3 	1	1	9.6 	10.2 	10.8 	11.5 	0.8	0.8
8.0 	8.5 	11.9 	12.3 	1	1	9.4 	10.1 	10.1 	11.0 	0.8	0.8
28.3 	29.1 	30.3 	31.1 	1	1	29.1 	29.1 	29.5 	30.1 	0.8	0.8
28.7 	28.7 	32.0 	32.0 	1	1	29.7 	30.3 	31.2 	31.6 	0.8	0.8
9.0 	9.4 	12.4 	12.4 	1	1	9.7 	9.9 	10.9 	11.4 	0.8	0.8