1	39	51	17	3	12	33	2	9	28	1	49	24	7	15	26	42	1	19	14	20	43	5	47	18	46	16	6	1	31	40	11	30	36	4	25	50	13	22	23	1	35	32	21	8	10	37	44	48	27	29	45	34	38	41	1
1	39	51	17	3	12	33	2	9	28	1	49	24	7	15	26	42	1	19	14	20	43	5	47	18	46	16	6	1	31	40	11	30	36	4	25	50	13	22	23	1	35	32	21	8	10	37	44	48	27	29	45	34	38	41	1
1	39	51	17	3	12	33	2	9	28	1	49	24	7	15	26	42	1	19	14	20	43	5	47	18	46	16	6	1	31	40	11	30	36	4	25	50	13	22	23	1	35	32	21	8	10	37	44	48	27	29	45	34	38	41	1
1	39	51	17	3	12	33	2	9	28	1	49	24	7	15	26	42	1	19	14	20	43	5	47	46	18	16	6	1	31	40	11	30	36	4	23	13	50	22	10	1	35	32	8	25	38	44	21	48	27	29	45	34	37	41	1
1	39	51	17	3	12	33	2	9	28	1	49	24	7	15	26	42	1	19	14	20	43	5	47	46	18	16	6	1	31	40	11	30	36	4	23	13	22	25	35	1	50	32	8	10	37	21	44	48	45	29	27	34	38	41	1
1	39	51	17	3	12	33	2	9	28	1	49	24	7	15	26	42	1	19	14	20	43	5	47	46	18	16	6	1	31	40	11	30	36	4	23	13	22	25	35	1	50	32	8	10	37	44	21	48	27	29	45	34	38	41	1
1	39	51	17	3	2	12	33	9	28	1	49	24	7	15	26	42	1	19	14	20	43	5	47	46	18	16	6	1	31	40	11	30	36	4	23	13	22	25	35	1	50	32	8	37	10	44	21	48	27	29	45	34	38	41	1
1	49	7	25	15	26	19	42	1	33	17	35	31	50	12	13	47	1	6	39	21	32	9	8	24	28	1	29	36	34	11	40	46	43	20	5	18	38	48	1	45	41	10	4	37	23	2	3	51	22	30	44	27	14	16	1
1	49	7	25	15	26	19	42	1	33	17	35	31	50	12	13	47	1	6	39	21	32	9	8	24	28	1	29	36	40	46	38	48	5	20	43	18	11	34	1	45	41	10	4	37	23	2	3	51	22	30	44	27	14	16	1
1	39	51	17	3	12	33	2	9	28	1	49	24	7	15	26	42	1	19	14	43	20	5	47	46	18	16	6	1	31	40	11	30	36	4	23	13	22	21	1	35	50	32	8	10	37	44	25	48	27	29	45	34	38	41	1
1	39	51	17	3	12	33	2	9	28	1	49	24	7	15	26	42	1	19	14	43	20	5	47	46	18	16	6	1	31	40	11	30	36	4	23	13	22	21	1	35	50	32	8	10	37	44	25	48	27	29	45	34	38	41	1
1	49	7	25	15	26	42	19	1	33	17	35	31	50	12	13	47	1	6	39	21	32	9	8	24	28	1	29	36	40	46	38	48	5	20	43	18	11	34	1	45	41	10	4	37	23	2	3	16	22	30	44	27	14	51	1
1	49	7	25	15	26	42	19	1	33	17	35	31	50	12	13	47	1	6	39	21	32	9	8	24	28	1	29	36	40	46	38	48	5	20	43	18	11	34	1	45	41	10	4	37	23	2	3	16	22	30	44	27	14	51	1
1	39	51	17	3	12	33	2	9	28	1	49	24	7	15	26	42	1	19	14	20	43	5	47	46	18	16	6	23	1	4	36	30	22	31	40	11	10	50	13	1	35	32	8	25	38	44	21	48	27	29	45	34	37	41	1
1	49	25	7	15	26	19	42	1	33	17	35	31	50	12	47	13	1	6	39	21	32	9	8	24	28	1	29	36	18	11	40	46	43	20	5	34	38	48	1	45	41	10	4	37	23	2	3	16	22	30	44	27	14	51	1
1	49	25	7	15	26	19	42	1	33	17	35	31	50	12	13	47	1	6	39	21	32	9	8	24	28	1	29	36	40	46	38	48	5	20	43	18	11	34	1	45	41	10	4	37	23	2	3	16	22	30	44	27	14	51	1
1	49	25	7	15	26	19	42	1	33	17	35	31	50	12	13	47	1	6	39	21	32	9	8	24	28	1	29	36	40	46	38	48	5	20	43	18	11	34	1	45	41	10	4	37	23	2	3	16	22	30	44	27	14	51	1
1	49	25	7	15	26	19	42	1	33	17	35	31	50	12	13	47	1	6	39	21	32	9	8	24	28	1	29	36	40	46	38	48	5	20	43	18	11	34	1	45	41	10	4	37	23	2	3	16	22	30	44	27	14	51	1
1	49	25	7	15	26	19	42	1	33	17	35	31	50	12	13	47	1	6	39	21	32	9	8	24	28	1	29	36	40	46	38	48	5	20	43	18	11	34	1	45	41	10	4	37	23	2	3	16	22	30	44	27	14	51	1
1	39	51	17	3	12	33	2	9	28	1	49	24	15	7	26	42	1	19	14	43	20	5	47	46	18	16	6	1	31	40	11	30	36	4	23	13	22	21	1	35	50	32	8	10	37	44	27	25	48	29	45	34	38	41	1
1	39	51	17	3	2	12	33	9	49	1	28	24	7	15	26	42	1	19	14	20	43	5	47	46	18	16	6	45	1	40	11	30	36	4	23	13	22	25	35	29	1	21	37	27	44	8	32	10	50	34	41	31	38	48	1
1	49	7	25	15	26	19	42	1	33	17	35	31	50	12	13	47	1	6	39	21	28	8	24	9	32	1	29	36	34	11	40	46	43	20	5	18	38	48	1	45	41	10	4	37	23	2	3	51	22	30	44	27	14	16	1
1	49	7	25	15	26	19	42	1	33	17	35	31	50	12	13	47	1	6	39	21	28	8	24	9	32	1	29	36	40	46	38	48	5	20	43	18	11	34	1	45	41	10	4	37	23	2	3	51	22	30	44	27	14	16	1
1	49	7	25	15	26	19	42	1	33	17	35	31	50	12	13	47	1	6	39	21	28	8	24	9	32	1	29	36	40	46	38	48	5	2	43	18	11	34	30	1	22	51	10	3	37	23	4	20	27	44	14	41	45	16	1
1	7	49	25	15	26	42	19	1	33	17	35	31	50	12	13	47	1	6	39	21	28	8	24	9	32	1	29	36	40	46	38	48	5	20	43	18	11	34	1	45	41	10	4	37	23	2	3	51	22	30	44	27	14	16	1
1	39	51	17	3	2	12	33	9	28	1	49	24	7	15	26	42	1	19	14	20	43	5	47	46	18	16	6	25	1	13	11	40	31	35	22	30	36	4	23	1	50	32	8	37	10	44	21	48	27	29	45	34	38	41	1
1	13	16	20	14	5	12	22	31	10	1	48	39	51	35	17	29	27	8	9	1	28	49	24	7	15	26	42	1	19	21	43	46	18	6	3	1	41	45	37	23	47	34	38	50	40	11	30	36	4	32	44	25	2	33	1
1	13	11	40	31	35	22	30	36	4	1	9	49	24	7	15	26	42	25	1	19	33	17	50	12	47	6	39	1	21	32	23	46	29	28	8	38	48	5	20	1	43	18	34	45	41	10	37	2	3	16	44	27	14	51	1
1	26	25	49	7	15	42	19	1	33	12	50	31	35	17	13	47	1	6	39	21	32	9	8	24	28	1	29	36	40	46	38	48	5	20	43	18	11	34	1	45	27	10	4	37	23	2	3	51	22	30	44	41	14	16	1
1	49	7	25	15	26	19	42	1	50	31	35	17	33	12	47	13	1	6	39	21	28	8	24	9	32	1	29	36	40	46	38	48	5	20	43	18	11	34	1	45	41	10	4	37	23	2	3	51	22	30	44	27	14	16	1
1	39	51	17	3	12	33	2	9	28	1	49	24	7	15	26	42	1	19	14	20	43	5	47	18	46	16	6	1	31	40	11	30	36	4	25	50	13	22	23	1	35	32	21	8	10	37	44	48	27	29	45	34	38	41	1
1	13	5	20	43	18	6	33	51	21	7	1	28	8	9	49	2	30	22	35	39	12	1	24	25	15	26	19	42	1	50	47	4	37	23	16	41	14	45	27	34	11	1	31	10	44	32	29	36	17	40	46	3	48	38	1
1	49	25	7	15	26	19	42	1	33	17	35	31	50	12	13	47	1	6	39	21	32	9	8	24	28	1	29	36	34	11	40	46	43	20	5	18	38	48	1	45	41	10	4	37	23	2	44	30	16	22	3	27	14	51	1
1	25	14	20	5	13	6	31	22	50	16	1	12	39	35	51	17	3	9	8	1	7	49	28	15	26	48	47	1	19	4	21	43	46	18	38	29	37	23	11	2	1	44	30	40	41	42	27	32	36	10	33	45	24	34	1
1	13	16	20	5	6	50	22	21	27	1	12	39	51	35	17	29	9	8	1	48	49	24	28	15	26	42	1	7	19	14	43	18	46	10	30	37	23	47	1	34	45	41	38	40	11	31	32	36	4	44	25	2	3	33	1
1	49	7	25	15	26	19	1	13	33	17	35	31	50	12	1	42	47	6	39	21	2	9	8	1	3	28	29	36	40	20	38	48	16	46	1	24	43	18	11	34	41	45	10	4	37	23	32	51	22	30	44	27	14	5	1
1	6	17	3	33	2	9	28	49	24	1	7	15	26	12	13	47	51	39	1	42	19	14	20	5	43	46	16	18	1	31	40	11	30	36	4	23	22	25	35	50	32	1	8	37	10	44	21	48	27	29	45	34	38	41	1
1	6	39	50	11	40	31	35	51	10	17	1	3	12	33	2	9	8	24	7	1	19	45	41	38	34	48	5	49	1	28	15	26	42	16	46	18	13	47	1	14	43	20	44	25	29	27	22	30	36	4	37	23	32	21	1
1	13	16	20	5	6	31	22	12	21	1	48	39	35	51	17	29	27	8	9	1	28	49	24	7	15	26	42	1	19	14	43	46	18	10	3	37	23	47	41	1	45	34	38	50	40	11	30	36	4	32	44	25	2	33	1
1	6	39	51	35	31	40	50	17	1	3	12	33	2	9	8	24	7	1	19	45	41	38	34	48	5	49	1	28	47	26	42	46	18	16	10	27	37	4	11	23	1	15	13	14	43	20	44	25	29	22	30	36	32	21	1
1	13	18	5	20	43	38	50	22	21	33	27	25	1	6	39	51	17	2	9	8	49	28	7	1	15	26	42	19	31	1	44	4	35	36	10	24	14	41	48	1	16	46	23	47	30	34	45	40	11	37	32	29	3	12	1
1	39	51	17	3	2	12	33	9	49	1	28	24	7	15	26	42	1	19	14	20	43	5	47	46	18	16	6	25	1	13	11	40	31	35	22	30	36	4	23	1	21	32	8	37	10	44	50	48	27	29	45	34	38	41	1
1	13	16	20	5	6	31	22	12	21	1	48	39	35	51	17	29	9	27	8	1	28	7	49	24	15	26	42	1	19	14	43	46	18	10	41	37	23	47	3	1	45	38	4	50	11	40	30	36	34	32	44	25	2	33	1
1	13	5	20	43	18	6	33	22	21	24	1	28	8	9	2	30	51	35	39	50	12	1	19	42	26	15	25	49	7	1	27	14	31	16	10	29	23	4	11	47	34	45	1	41	44	32	37	36	17	40	46	3	48	38	1
1	13	5	20	43	18	6	33	22	21	24	1	28	49	12	39	35	51	30	2	9	8	1	7	25	15	26	19	42	50	1	14	27	47	16	10	37	4	23	11	34	45	31	41	1	44	32	29	36	17	40	46	3	48	38	1
1	25	14	20	5	13	6	31	22	50	16	1	12	39	35	51	17	3	9	8	1	7	49	47	28	15	26	48	1	19	4	21	43	46	18	38	29	37	23	11	1	2	44	30	40	41	42	27	32	36	10	33	45	24	34	1
1	13	5	20	43	18	6	33	22	21	24	1	28	8	9	49	12	39	35	51	30	2	1	7	25	15	26	19	42	50	1	31	14	27	16	10	37	23	4	11	47	41	44	45	1	34	48	32	29	36	17	40	46	3	38	1
1	16	50	22	31	6	13	38	20	14	25	1	12	17	39	35	51	3	9	8	1	7	49	47	28	15	26	48	1	19	41	21	43	46	18	5	29	37	23	11	2	1	34	44	30	40	4	42	27	32	36	10	33	45	24	1
1	6	39	51	35	31	40	11	50	10	1	3	33	12	17	2	9	8	24	7	1	19	45	34	41	38	48	5	49	1	28	15	26	42	16	46	18	13	47	1	14	43	20	44	25	29	27	22	30	36	4	37	23	32	21	1
1	13	5	20	43	18	6	33	22	21	24	1	28	9	2	30	51	35	39	12	49	8	1	7	25	15	26	19	42	50	1	31	14	27	16	10	37	23	4	11	47	34	45	41	1	44	32	29	36	17	40	46	3	48	38	1
1	13	5	20	43	18	6	33	51	21	7	1	28	9	8	49	2	30	22	35	39	12	1	24	25	14	26	19	42	1	50	47	4	37	23	16	41	15	45	27	34	11	1	3	36	29	32	44	17	10	31	40	46	38	48	1
1	13	5	20	43	18	6	33	22	21	24	1	49	7	25	15	26	19	42	1	50	31	35	17	12	47	39	30	8	1	9	32	29	36	11	48	38	40	46	34	1	45	41	10	4	37	23	2	3	51	28	44	27	14	16	1
1	39	51	17	3	12	10	2	42	28	1	49	24	7	15	26	9	1	19	14	20	43	5	47	46	18	16	6	1	13	31	40	38	30	36	4	23	22	21	1	35	50	32	8	33	37	44	25	48	27	29	45	34	11	41	1
1	13	18	5	20	43	38	50	22	21	33	27	25	1	6	39	51	17	2	9	8	49	28	7	1	19	42	26	15	31	10	1	35	36	4	24	44	14	41	48	1	3	46	23	47	12	16	29	32	37	11	40	34	45	30	1
1	7	51	17	3	12	33	2	9	28	1	39	49	24	15	26	42	1	19	14	20	43	5	47	18	46	16	6	1	31	40	11	30	36	4	25	50	13	22	23	1	29	37	21	35	10	32	27	8	44	41	45	34	38	48	1
1	13	5	20	43	18	6	33	22	21	24	1	28	8	9	2	30	51	35	39	12	49	1	7	25	15	26	19	42	50	1	31	14	27	16	10	37	23	4	11	47	34	45	41	1	44	32	29	36	3	17	40	46	48	38	1
1	18	5	20	43	13	6	33	22	21	24	1	12	39	51	35	30	2	9	8	49	28	1	7	25	15	26	19	42	50	1	31	45	14	16	47	11	23	4	37	27	10	34	41	1	44	32	29	36	17	40	46	3	48	38	1
1	13	5	20	43	18	6	33	22	21	24	1	28	8	9	2	30	51	35	39	12	49	1	7	25	15	26	19	42	50	1	14	27	16	10	37	31	23	4	11	47	34	45	41	1	44	32	29	36	17	40	46	3	48	38	1
1	13	5	20	43	18	6	33	22	21	24	1	28	8	9	2	30	51	35	39	12	49	1	7	25	15	26	19	42	50	1	31	14	27	16	10	37	23	4	11	47	34	45	41	1	44	32	29	36	17	40	46	3	48	38	1
1	13	5	20	43	18	6	33	22	21	24	1	28	8	9	2	30	51	35	39	12	49	1	7	25	15	26	19	42	50	1	31	14	27	16	10	37	23	4	11	47	34	45	41	1	44	32	29	36	17	40	46	3	48	38	1
1	12	13	3	10	18	46	16	48	41	45	1	7	19	42	26	15	28	1	49	8	9	2	17	35	51	6	39	1	5	20	43	24	27	29	32	4	36	30	23	37	21	1	47	33	22	31	11	40	34	50	38	14	25	44	1
1	13	5	20	43	18	6	33	21	4	1	19	7	25	15	26	24	42	1	49	12	39	35	51	30	2	8	9	28	1	31	50	22	14	27	16	10	3	23	11	47	1	48	38	41	45	46	40	17	44	32	29	36	37	34	1
1	13	5	20	43	18	6	33	22	21	24	1	28	8	9	2	30	51	35	39	12	49	1	7	25	15	26	42	19	50	1	16	4	37	23	27	14	41	45	47	34	11	31	10	1	48	44	32	29	3	36	17	40	46	38	1
1	7	8	9	28	21	39	6	5	1	48	46	34	40	31	35	17	33	1	12	47	13	20	43	26	14	23	1	19	45	18	11	30	22	51	3	29	16	49	1	42	25	2	27	24	15	50	4	37	41	10	44	32	36	38	1
1	10	50	17	3	12	33	2	9	28	1	49	24	7	15	26	42	1	19	14	20	43	5	47	46	30	18	6	16	1	31	40	11	36	4	23	13	51	22	39	37	1	29	27	8	44	25	41	45	38	34	21	32	35	48	1
1	49	24	7	15	26	42	25	1	19	50	2	35	17	33	12	47	1	13	6	39	21	28	8	9	1	32	29	36	40	10	38	16	5	20	43	18	11	34	1	45	41	46	4	30	37	23	31	3	51	22	44	27	14	48	1
1	24	8	7	28	21	39	6	5	1	48	34	46	40	31	35	17	33	1	12	47	13	20	43	14	26	23	1	3	2	29	11	51	45	18	22	30	19	49	1	25	42	44	27	36	16	15	41	38	10	50	4	37	32	9	1
1	25	14	20	5	13	6	31	22	50	16	1	12	39	35	51	17	3	9	15	1	7	49	47	48	28	8	26	1	19	4	21	43	46	18	38	29	37	23	11	1	24	44	2	36	30	32	27	33	10	40	34	45	41	42	1
1	25	14	20	5	13	6	31	22	50	16	1	12	39	35	51	17	3	9	15	1	7	49	47	48	28	8	26	1	19	4	21	43	46	18	38	29	37	23	11	1	10	33	44	30	40	41	42	27	32	36	2	45	24	34	1
1	5	20	16	13	6	50	22	21	27	1	12	35	39	51	17	29	9	8	1	48	49	24	28	15	26	42	1	7	19	14	43	18	46	10	3	37	23	1	4	2	44	40	31	25	45	41	38	32	33	11	30	36	47	34	1
1	13	5	20	43	18	6	33	22	21	24	1	48	8	9	2	30	39	35	51	12	1	49	7	25	15	26	19	42	1	50	31	14	27	16	46	37	29	23	40	11	47	1	34	45	41	44	17	36	32	4	10	3	28	38	1
1	18	16	46	11	47	49	2	9	8	28	24	25	7	1	33	17	12	3	39	51	35	31	1	50	6	43	20	14	42	5	48	1	34	23	40	21	22	29	32	30	36	44	1	13	15	27	26	19	45	10	38	4	37	41	1
1	13	16	20	5	6	31	22	21	12	1	48	39	35	51	17	29	27	8	9	1	49	24	28	26	15	42	7	1	19	14	43	46	18	41	10	3	37	23	47	1	45	38	34	40	11	50	30	36	4	32	44	25	2	33	1
1	6	39	51	35	31	40	50	17	1	3	12	33	2	8	25	24	7	1	19	45	41	38	34	48	5	49	47	11	1	46	16	18	42	26	28	27	4	37	23	10	1	15	13	14	43	20	44	9	29	22	36	30	32	21	1
1	18	5	20	43	13	6	33	22	21	24	1	28	8	9	2	39	51	35	30	12	49	1	7	25	15	26	19	42	50	1	31	14	16	10	27	4	37	23	11	47	34	41	45	1	3	44	32	29	36	17	40	46	38	48	1
1	18	5	20	43	13	6	33	22	21	24	1	28	8	9	2	30	51	35	39	12	49	1	7	25	15	26	19	42	50	1	31	14	16	10	27	4	37	23	47	34	45	11	41	1	44	32	29	36	17	40	46	3	48	38	1
1	5	20	16	13	6	31	22	21	12	1	48	39	35	51	17	29	9	8	27	1	49	24	28	26	15	42	7	1	19	14	43	46	18	10	3	37	23	47	41	1	38	45	34	40	11	50	30	36	4	32	44	25	2	33	1
1	13	5	20	43	18	6	33	30	21	23	28	1	8	9	2	22	51	35	39	12	49	7	1	25	15	26	19	42	50	1	31	14	47	11	4	24	37	27	10	16	34	45	1	44	48	3	46	17	36	29	32	40	41	38	1
1	13	18	43	45	5	7	33	4	21	24	1	6	15	25	26	19	42	1	2	30	17	35	39	12	49	9	8	1	28	31	47	34	16	38	50	10	22	3	23	1	27	14	20	41	44	32	29	36	51	40	46	37	48	11	1
1	5	20	16	13	6	50	22	21	12	27	1	39	35	51	17	29	9	8	24	1	48	49	28	15	26	42	25	1	19	14	43	18	46	10	3	37	23	1	4	11	38	2	44	30	40	31	7	41	32	33	36	45	34	47	1
1	18	5	20	43	13	47	33	29	21	7	24	1	12	39	35	51	30	2	49	8	9	28	1	25	15	26	19	42	50	1	36	48	16	10	27	37	23	34	11	6	4	1	45	32	44	41	22	31	17	40	46	3	14	38	1
1	13	5	43	20	38	50	21	22	33	27	25	18	1	6	39	51	17	2	9	8	49	28	1	15	26	42	19	7	31	11	1	44	4	36	10	24	14	41	48	16	46	23	30	1	40	3	29	12	35	32	37	45	47	34	1
1	5	20	16	13	6	50	30	22	3	27	1	12	39	35	51	17	24	8	29	1	42	26	15	7	49	28	48	1	19	11	21	46	10	36	45	18	23	4	47	1	33	2	9	32	37	31	40	34	43	41	14	25	44	38	1
1	17	3	12	33	2	9	8	24	7	1	19	41	38	34	45	48	10	49	1	28	15	26	42	16	46	18	13	47	1	14	43	30	44	25	29	27	22	20	32	36	4	37	23	1	21	6	39	50	5	51	35	31	11	40	1
1	48	39	35	51	17	49	24	27	12	1	29	9	8	28	15	26	42	1	7	19	14	43	18	6	3	37	23	1	11	33	13	16	20	5	21	10	50	22	4	1	38	2	44	30	45	40	31	36	25	41	32	47	34	46	1
1	5	20	16	13	6	50	22	21	27	12	1	39	35	51	17	29	9	8	48	1	49	24	28	15	26	42	7	1	19	14	43	18	23	10	3	37	46	1	4	11	38	2	44	25	40	31	45	41	32	33	30	36	47	34	1
1	3	5	20	43	13	6	16	48	41	1	7	19	45	42	26	15	1	28	49	8	9	2	17	12	31	47	1	35	46	18	10	24	27	29	32	4	36	30	23	37	1	21	34	40	39	44	33	50	11	22	38	14	51	25	1
1	5	20	16	13	6	50	22	21	27	12	1	39	35	51	17	29	9	8	48	1	49	24	28	15	26	42	7	1	19	14	43	18	46	10	3	37	23	1	4	11	38	2	44	40	31	25	45	41	32	33	30	36	47	34	1
1	7	24	8	28	21	39	6	42	1	48	34	46	40	31	35	17	33	1	12	47	13	20	43	26	14	23	1	19	45	18	11	25	3	22	51	29	16	1	49	38	5	41	15	30	44	27	32	9	37	36	10	50	2	4	1
1	13	16	6	20	5	31	22	12	21	1	48	39	51	35	17	29	27	9	8	1	28	49	24	47	15	26	42	1	19	14	43	46	18	10	3	37	23	7	1	41	45	34	38	50	40	11	30	36	4	32	44	25	2	33	1
1	7	24	8	28	19	39	6	5	1	48	34	46	31	40	35	17	33	47	1	12	16	43	20	14	26	13	21	1	45	10	50	30	22	51	3	29	23	49	25	1	42	2	37	27	36	15	44	41	38	18	11	9	4	32	1
1	13	20	5	6	31	12	39	22	21	1	35	51	17	29	9	8	49	48	1	24	28	15	26	42	7	1	19	43	18	46	14	16	50	10	37	27	23	1	30	4	3	47	34	45	41	38	11	40	36	32	44	25	2	33	1
1	50	11	23	31	35	51	10	17	3	1	12	33	2	9	8	24	7	15	26	1	42	19	14	43	20	5	6	39	1	45	34	38	49	48	28	16	46	18	13	1	47	44	25	29	27	37	40	32	21	41	22	30	36	4	1
1	3	16	20	5	6	50	22	21	27	1	12	35	39	51	17	29	9	8	1	49	24	28	15	26	48	42	1	7	19	14	43	46	18	10	13	37	23	1	4	11	38	2	32	47	33	31	41	30	40	25	36	45	44	34	1
1	13	16	43	5	6	50	22	21	27	1	12	39	35	51	18	29	9	48	10	1	15	26	24	49	28	3	17	33	1	14	20	7	46	8	4	37	38	44	42	11	23	1	2	32	30	34	40	31	25	41	19	45	36	47	1
1	39	51	17	3	12	33	2	28	49	24	1	7	15	26	42	19	14	47	1	16	6	31	30	9	23	29	36	40	43	46	1	38	48	5	20	18	11	34	45	22	4	32	1	13	50	41	10	35	8	44	25	21	27	37	1
1	45	20	16	13	6	50	22	21	27	1	17	35	39	51	12	29	9	8	24	1	49	2	15	48	42	7	28	1	19	14	44	43	18	32	10	3	37	23	1	4	11	38	26	40	31	25	5	41	46	33	30	36	47	34	1
1	13	5	20	43	21	12	6	33	51	1	7	28	8	9	49	2	30	22	35	39	18	1	24	25	15	26	19	42	1	50	47	4	37	23	16	41	14	45	27	34	11	1	3	36	29	32	44	17	10	46	40	31	38	48	1
1	13	16	43	5	6	50	22	21	27	1	12	39	35	51	7	29	9	48	10	1	49	28	24	26	15	4	17	1	19	14	20	18	46	8	3	37	23	44	1	42	11	38	2	32	30	40	31	25	41	33	36	45	47	34	1
1	18	43	20	5	13	47	33	21	29	24	4	1	12	39	35	51	30	22	49	19	1	25	8	9	28	42	26	15	1	50	36	48	16	34	10	27	37	23	11	6	1	7	45	32	3	44	41	2	31	17	40	46	14	38	1